10	250	100	0.00243563	
10	500	100	0.00956691	
10	750	100	0.0211404	
10	1000	100	0.0369156	
10	1250	100	0.0566639	
10	1500	100	0.0801682	
10	1750	100	0.107222	
10	2000	100	0.137631	
10	2250	100	0.171207	
10	2500	100	0.207774	
10	2750	100	0.247165	
10	3000	100	0.289218	
10	3250	100	0.333784	
10	3500	100	0.380716	
10	3750	100	0.429879	
10	4000	100	0.481142	
10	4250	100	0.53438	
10	4500	100	0.589476	
10	4750	100	0.646318	
10	5000	100	0.704799	
10	5250	100	0.764817	
10	5500	100	0.826276	
10	5750	100	0.889085	
10	6000	100	0.953156	
10	6250	100	1.01841	
10	6500	100	1.08476	
10	6750	100	1.15213	
10	7000	100	1.22046	
10	7250	100	1.28967	
10	7500	100	1.3597	
10	7750	100	1.43049	
10	8000	100	1.50199	
10	8250	100	1.57412	
10	8500	100	1.64685	
10	8750	100	1.72012	
10	9000	100	1.79388	
10	9250	100	1.86808	
10	9500	100	1.94269	
10	9750	100	2.01766	
10	10000	100	2.09296	
20	250	100	0.00486725	
20	500	100	0.0191182	
20	750	100	0.0422466	
20	1000	100	0.0737719	
20	1250	100	0.113237	
20	1500	100	0.16021	
20	1750	100	0.214277	
20	2000	100	0.275048	
20	2250	100	0.34215	
20	2500	100	0.415232	
20	2750	100	0.493956	
20	3000	100	0.578004	
20	3250	100	0.667072	
20	3500	100	0.760873	
20	3750	100	0.859132	
20	4000	100	0.961589	
20	4250	100	1.068	
20	4500	100	1.17812	
20	4750	100	1.29173	
20	5000	100	1.40862	
20	5250	100	1.52858	
20	5500	100	1.65143	
20	5750	100	1.77697	
20	6000	100	1.90504	
20	6250	100	2.03546	
20	6500	100	2.16809	
20	6750	100	2.30276	
20	7000	100	2.43934	
20	7250	100	2.57769	
20	7500	100	2.71769	
20	7750	100	2.8592	
20	8000	100	3.00211	
20	8250	100	3.14631	
20	8500	100	3.29169	
20	8750	100	3.43816	
20	9000	100	3.58561	
20	9250	100	3.73396	
20	9500	100	3.88311	
20	9750	100	4.03299	
20	10000	100	4.18351	
30	250	100	0.00729487	
30	500	100	0.0286539	
30	750	100	0.0633187	
30	1000	100	0.110569	
30	1250	100	0.169721	
30	1500	100	0.240125	
30	1750	100	0.321164	
30	2000	100	0.412252	
30	2250	100	0.512831	
30	2500	100	0.622373	
30	2750	100	0.740374	
30	3000	100	0.866357	
30	3250	100	0.999866	
30	3500	100	1.14047	
30	3750	100	1.28776	
30	4000	100	1.44134	
30	4250	100	1.60085	
30	4500	100	1.76592	
30	4750	100	1.93623	
30	5000	100	2.11146	
30	5250	100	2.29129	
30	5500	100	2.47545	
30	5750	100	2.66365	
30	6000	100	2.85564	
30	6250	100	3.05117	
30	6500	100	3.24999	
30	6750	100	3.45189	
30	7000	100	3.65665	
30	7250	100	3.86407	
30	7500	100	4.07395	
30	7750	100	4.28611	
30	8000	100	4.50037	
30	8250	100	4.71656	
30	8500	100	4.93454	
30	8750	100	5.15413	
30	9000	100	5.37521	
30	9250	100	5.59762	
30	9500	100	5.82125	
30	9750	100	6.04597	
30	10000	100	6.27166	
40	250	100	0.00971849	
40	500	100	0.038174	
40	750	100	0.0843566	
40	1000	100	0.147307	
40	1250	100	0.226115	
40	1500	100	0.319914	
40	1750	100	0.427884	
40	2000	100	0.549243	
40	2250	100	0.683249	
40	2500	100	0.829198	
40	2750	100	0.98642	
40	3000	100	1.15428	
40	3250	100	1.33217	
40	3500	100	1.51951	
40	3750	100	1.71576	
40	4000	100	1.9204	
40	4250	100	2.13294	
40	4500	100	2.3529	
40	4750	100	2.57983	
40	5000	100	2.81332	
40	5250	100	3.05295	
40	5500	100	3.29835	
40	5750	100	3.54914	
40	6000	100	3.80497	
40	6250	100	4.06552	
40	6500	100	4.33048	
40	6750	100	4.59953	
40	7000	100	4.8724	
40	7250	100	5.14881	
40	7500	100	5.4285	
40	7750	100	5.71123	
40	8000	100	5.99677	
40	8250	100	6.28489	
40	8500	100	6.57538	
40	8750	100	6.86803	
40	9000	100	7.16266	
40	9250	100	7.45909	
40	9500	100	7.75713	
40	9750	100	8.05662	
40	10000	100	8.35741	
50	250	100	0.0121381	
50	500	100	0.0476786	
50	750	100	0.105361	
50	1000	100	0.183986	
50	1250	100	0.282419	
50	1500	100	0.399578	
50	1750	100	0.534437	
50	2000	100	0.686022	
50	2250	100	0.853406	
50	2500	100	1.03571	
50	2750	100	1.2321	
50	3000	100	1.44177	
50	3250	100	1.66397	
50	3500	100	1.89799	
50	3750	100	2.14314	
50	4000	100	2.39878	
50	4250	100	2.66427	
50	4500	100	2.93904	
50	4750	100	3.22253	
50	5000	100	3.51421	
50	5250	100	3.81356	
50	5500	100	4.12012	
50	5750	100	4.43342	
50	6000	100	4.75303	
50	6250	100	5.07854	
50	6500	100	5.40954	
50	6750	100	5.74567	
50	7000	100	6.08657	
50	7250	100	6.4319	
50	7500	100	6.78134	
50	7750	100	7.13458	
50	8000	100	7.49132	
50	8250	100	7.85129	
50	8500	100	8.21422	
50	8750	100	8.57987	
50	9000	100	8.94799	
50	9250	100	9.31835	
50	9500	100	9.69074	
50	9750	100	10.0649	
50	10000	100	10.4408	
60	250	100	0.0145538	
60	500	100	0.0571677	
60	750	100	0.12633	
60	1000	100	0.220607	
60	1250	100	0.338633	
60	1500	100	0.479115	
60	1750	100	0.640823	
60	2000	100	0.822588	
60	2250	100	1.0233	
60	2500	100	1.24191	
60	2750	100	1.4774	
60	3000	100	1.72883	
60	3250	100	1.99529	
60	3500	100	2.27592	
60	3750	100	2.5699	
60	4000	100	2.87646	
60	4250	100	3.19484	
60	4500	100	3.52435	
60	4750	100	3.86433	
60	5000	100	4.21412	
60	5250	100	4.57313	
60	5500	100	4.94078	
60	5750	100	5.31652	
60	6000	100	5.69983	
60	6250	100	6.09021	
60	6500	100	6.48719	
60	6750	100	6.89033	
60	7000	100	7.29919	
60	7250	100	7.71336	
60	7500	100	8.13247	
60	7750	100	8.55613	
60	8000	100	8.98401	
60	8250	100	9.41576	
60	8500	100	9.85108	
60	8750	100	10.2896	
60	9000	100	10.7312	
60	9250	100	11.1754	
60	9500	100	11.6221	
60	9750	100	12.0709	
60	10000	100	12.5217	
70	250	100	0.0169655	
70	500	100	0.0666414	
70	750	100	0.147266	
70	1000	100	0.257168	
70	1250	100	0.394758	
70	1500	100	0.558528	
70	1750	100	0.747043	
70	2000	100	0.958944	
70	2250	100	1.19293	
70	2500	100	1.44779	
70	2750	100	1.72233	
70	3000	100	2.01546	
70	3250	100	2.32612	
70	3500	100	2.65329	
70	3750	100	2.99604	
70	4000	100	3.35345	
70	4250	100	3.72465	
70	4500	100	4.10884	
70	4750	100	4.50522	
70	5000	100	4.91306	
70	5250	100	5.33165	
70	5500	100	5.76031	
70	5750	100	6.19842	
70	6000	100	6.64535	
70	6250	100	7.10054	
70	6500	100	7.56343	
70	6750	100	8.03349	
70	7000	100	8.51024	
70	7250	100	8.99318	
70	7500	100	9.48189	
70	7750	100	9.97591	
70	8000	100	10.4749	
70	8250	100	10.9783	
70	8500	100	11.4859	
70	8750	100	11.9974	
70	9000	100	12.5122	
70	9250	100	13.0303	
70	9500	100	13.5512	
70	9750	100	14.0746	
70	10000	100	14.6003	
80	250	100	0.0193732	
80	500	100	0.0760996	
80	750	100	0.168169	
80	1000	100	0.293671	
80	1250	100	0.450794	
80	1500	100	0.637815	
80	1750	100	0.853097	
80	2000	100	1.09509	
80	2250	100	1.36231	
80	2500	100	1.65336	
80	2750	100	1.9669	
80	3000	100	2.30166	
80	3250	100	2.65645	
80	3500	100	3.03011	
80	3750	100	3.42156	
80	4000	100	3.82975	
80	4250	100	4.25371	
80	4500	100	4.6925	
80	4750	100	5.14522	
80	5000	100	5.61103	
80	5250	100	6.08912	
80	5500	100	6.57873	
80	5750	100	7.07913	
80	6000	100	7.58961	
80	6250	100	8.10953	
80	6500	100	8.63825	
80	6750	100	9.17517	
80	7000	100	9.71973	
80	7250	100	10.2714	
80	7500	100	10.8296	
80	7750	100	11.3939	
80	8000	100	11.9638	
80	8250	100	12.539	
80	8500	100	13.1188	
80	8750	100	13.703	
80	9000	100	14.2912	
80	9250	100	14.883	
80	9500	100	15.478	
80	9750	100	16.0759	
80	10000	100	16.6765	
90	250	100	0.021777	
90	500	100	0.0855424	
90	750	100	0.189037	
90	1000	100	0.330116	
90	1250	100	0.506741	
90	1500	100	0.716977	
90	1750	100	0.958986	
90	2000	100	1.23102	
90	2250	100	1.53142	
90	2500	100	1.85861	
90	2750	100	2.21109	
90	3000	100	2.58744	
90	3250	100	2.9863	
90	3500	100	3.40638	
90	3750	100	3.84646	
90	4000	100	4.30537	
90	4250	100	4.78201	
90	4500	100	5.27533	
90	4750	100	5.78432	
90	5000	100	6.30803	
90	5250	100	6.84556	
90	5500	100	7.39604	
90	5750	100	7.95865	
90	6000	100	8.53261	
90	6250	100	9.11718	
90	6500	100	9.71166	
90	6750	100	10.3154	
90	7000	100	10.9277	
90	7250	100	11.5479	
90	7500	100	12.1756	
90	7750	100	12.8101	
90	8000	100	13.451	
90	8250	100	14.0977	
90	8500	100	14.7497	
90	8750	100	15.4066	
90	9000	100	16.068	
90	9250	100	16.7334	
90	9500	100	17.4025	
90	9750	100	18.0749	
90	10000	100	18.7503	
100	250	100	0.0241768	
100	500	100	0.0949698	
100	750	100	0.209872	
100	1000	100	0.366502	
100	1250	100	0.562599	
100	1500	100	0.796015	
100	1750	100	1.06471	
100	2000	100	1.36674	
100	2250	100	1.70028	
100	2500	100	2.06356	
100	2750	100	2.45492	
100	3000	100	2.87279	
100	3250	100	3.31565	
100	3500	100	3.78209	
100	3750	100	4.27074	
100	4000	100	4.7803	
100	4250	100	5.30956	
100	4500	100	5.85734	
100	4750	100	6.42253	
100	5000	100	7.00407	
100	5250	100	7.60095	
100	5500	100	8.21223	
100	5750	100	8.83698	
100	6000	100	9.47435	
100	6250	100	10.1235	
100	6500	100	10.7837	
100	6750	100	11.4541	
100	7000	100	12.134	
100	7250	100	12.8229	
100	7500	100	13.5199	
100	7750	100	14.2246	
100	8000	100	14.9363	
100	8250	100	15.6545	
100	8500	100	16.3786	
100	8750	100	17.1082	
100	9000	100	17.8427	
100	9250	100	18.5817	
100	9500	100	19.3249	
100	9750	100	20.0716	
100	10000	100	20.8217	
110	250	100	0.0265727	
110	500	100	0.104382	
110	750	100	0.230673	
110	1000	100	0.40283	
110	1250	100	0.618368	
110	1500	100	0.874928	
110	1750	100	1.17027	
110	2000	100	1.50226	
110	2250	100	1.86887	
110	2500	100	2.26819	
110	2750	100	2.69838	
110	3000	100	3.15771	
110	3250	100	3.64452	
110	3500	100	4.15725	
110	3750	100	4.6944	
110	4000	100	5.25455	
110	4250	100	5.83635	
110	4500	100	6.43852	
110	4750	100	7.05984	
110	5000	100	7.69913	
110	5250	100	8.35531	
110	5500	100	9.02731	
110	5750	100	9.71413	
110	6000	100	10.4148	
110	6250	100	11.1285	
110	6500	100	11.8543	
110	6750	100	12.5913	
110	7000	100	13.3389	
110	7250	100	14.0962	
110	7500	100	14.8625	
110	7750	100	15.6373	
110	8000	100	16.4198	
110	8250	100	17.2094	
110	8500	100	18.0055	
110	8750	100	18.8077	
110	9000	100	19.6153	
110	9250	100	20.4279	
110	9500	100	21.2449	
110	9750	100	22.066	
110	10000	100	22.8907	
120	250	100	0.0289647	
120	500	100	0.113779	
120	750	100	0.25144	
120	1000	100	0.4391	
120	1250	100	0.674049	
120	1500	100	0.953717	
120	1750	100	1.27566	
120	2000	100	1.63756	
120	2250	100	2.03721	
120	2500	100	2.47251	
120	2750	100	2.94148	
120	3000	100	3.44221	
120	3250	100	3.97291	
120	3500	100	4.53186	
120	3750	100	5.11745	
120	4000	100	5.72812	
120	4250	100	6.3624	
120	4500	100	7.01889	
120	4750	100	7.69625	
120	5000	100	8.39324	
120	5250	100	9.10862	
120	5500	100	9.84127	
120	5750	100	10.5901	
120	6000	100	11.354	
120	6250	100	12.1321	
120	6500	100	12.9234	
120	6750	100	13.7271	
120	7000	100	14.5421	
120	7250	100	15.3679	
120	7500	100	16.2035	
120	7750	100	17.0482	
120	8000	100	17.9014	
120	8250	100	18.7623	
120	8500	100	19.6305	
120	8750	100	20.5051	
120	9000	100	21.3857	
120	9250	100	22.2718	
120	9500	100	23.1627	
120	9750	100	24.0581	
120	10000	100	24.9574	
130	250	100	0.0313527	
130	500	100	0.12316	
130	750	100	0.272174	
130	1000	100	0.475311	
130	1250	100	0.729641	
130	1500	100	1.03238	
130	1750	100	1.38089	
130	2000	100	1.77265	
130	2250	100	2.20529	
130	2500	100	2.67652	
130	2750	100	3.1842	
130	3000	100	3.72628	
130	3250	100	4.30081	
130	3500	100	4.90593	
130	3750	100	5.53989	
130	4000	100	6.201	
130	4250	100	6.88769	
130	4500	100	7.59843	
130	4750	100	8.33178	
130	5000	100	9.08638	
130	5250	100	9.86091	
130	5500	100	10.6541	
130	5750	100	11.4649	
130	6000	100	12.292	
130	6250	100	13.1345	
130	6500	100	13.9912	
130	6750	100	14.8613	
130	7000	100	15.7439	
130	7250	100	16.6379	
130	7500	100	17.5427	
130	7750	100	18.4573	
130	8000	100	19.3812	
130	8250	100	20.3134	
130	8500	100	21.2534	
130	8750	100	22.2005	
130	9000	100	23.1541	
130	9250	100	24.1135	
130	9500	100	25.0783	
130	9750	100	26.0479	
130	10000	100	27.0217	
140	250	100	0.0337368	
140	500	100	0.132526	
140	750	100	0.292875	
140	1000	100	0.511465	
140	1250	100	0.785146	
140	1500	100	1.11092	
140	1750	100	1.48596	
140	2000	100	1.90754	
140	2250	100	2.37311	
140	2500	100	2.88022	
140	2750	100	3.42657	
140	3000	100	4.00993	
140	3250	100	4.62822	
140	3500	100	5.27944	
140	3750	100	5.96171	
140	4000	100	6.67321	
140	4250	100	7.41223	
140	4500	100	8.17715	
140	4750	100	8.96642	
140	5000	100	9.77855	
140	5250	100	10.6122	
140	5500	100	11.4659	
140	5750	100	12.3385	
140	6000	100	13.2287	
140	6250	100	14.1355	
140	6500	100	15.0576	
140	6750	100	15.9941	
140	7000	100	16.944	
140	7250	100	17.9064	
140	7500	100	18.8802	
140	7750	100	19.8647	
140	8000	100	20.8591	
140	8250	100	21.8626	
140	8500	100	22.8744	
140	8750	100	23.8939	
140	9000	100	24.9203	
140	9250	100	25.9531	
140	9500	100	26.9916	
140	9750	100	28.0353	
140	10000	100	29.0836	
150	250	100	0.036117	
150	500	100	0.141877	
150	750	100	0.313542	
150	1000	100	0.547561	
150	1250	100	0.840562	
150	1500	100	1.18934	
150	1750	100	1.59086	
150	2000	100	2.04222	
150	2250	100	2.54067	
150	2500	100	3.08362	
150	2750	100	3.66856	
150	3000	100	4.29315	
150	3250	100	4.95515	
150	3500	100	5.65241	
150	3750	100	6.38292	
150	4000	100	7.14473	
150	4250	100	7.93603	
150	4500	100	8.75506	
150	4750	100	9.60017	
150	5000	100	10.4698	
150	5250	100	11.3624	
150	5500	100	12.2765	
150	5750	100	13.2109	
150	6000	100	14.1642	
150	6250	100	15.1351	
150	6500	100	16.1226	
150	6750	100	17.1255	
150	7000	100	18.1427	
150	7250	100	19.1732	
150	7500	100	20.2161	
150	7750	100	21.2704	
150	8000	100	22.3353	
150	8250	100	23.4099	
150	8500	100	24.4935	
150	8750	100	25.5852	
150	9000	100	26.6845	
150	9250	100	27.7905	
150	9500	100	28.9027	
150	9750	100	30.0205	
150	10000	100	31.1432	
160	250	100	0.0384934	
160	500	100	0.151213	
160	750	100	0.334176	
160	1000	100	0.583599	
160	1250	100	0.89589	
160	1500	100	1.26764	
160	1750	100	1.69559	
160	2000	100	2.17669	
160	2250	100	2.70798	
160	2500	100	3.2867	
160	2750	100	3.9102	
160	3000	100	4.57596	
160	3250	100	5.28159	
160	3500	100	6.02483	
160	3750	100	6.80351	
160	4000	100	7.61558	
160	4250	100	8.45908	
160	4500	100	9.33215	
160	4750	100	10.233	
160	5000	100	11.16	
160	5250	100	12.1116	
160	5500	100	13.0861	
160	5750	100	14.0822	
160	6000	100	15.0984	
160	6250	100	16.1335	
160	6500	100	17.1862	
160	6750	100	18.2553	
160	7000	100	19.3398	
160	7250	100	20.4384	
160	7500	100	21.5502	
160	7750	100	22.6742	
160	8000	100	23.8095	
160	8250	100	24.9553	
160	8500	100	26.1105	
160	8750	100	27.2745	
160	9000	100	28.4465	
160	9250	100	29.6258	
160	9500	100	30.8116	
160	9750	100	32.0033	
160	10000	100	33.2004	
170	250	100	0.0408658	
170	500	100	0.160534	
170	750	100	0.354777	
170	1000	100	0.61958	
170	1250	100	0.951131	
170	1500	100	1.34581	
170	1750	100	1.80017	
170	2000	100	2.31095	
170	2250	100	2.87503	
170	2500	100	3.48947	
170	2750	100	4.15147	
170	3000	100	4.85834	
170	3250	100	5.60756	
170	3500	100	6.39671	
170	3750	100	7.2235	
170	4000	100	8.08575	
170	4250	100	8.98138	
170	4500	100	9.90843	
170	4750	100	10.865	
170	5000	100	11.8493	
170	5250	100	12.8597	
170	5500	100	13.8945	
170	5750	100	14.9522	
170	6000	100	16.0314	
170	6250	100	17.1305	
170	6500	100	18.2484	
170	6750	100	19.3837	
170	7000	100	20.5353	
170	7250	100	21.702	
170	7500	100	22.8827	
170	7750	100	24.0764	
170	8000	100	25.282	
170	8250	100	26.4987	
170	8500	100	27.7256	
170	8750	100	28.9618	
170	9000	100	30.2064	
170	9250	100	31.4588	
170	9500	100	32.7182	
170	9750	100	33.9839	
170	10000	100	35.2552	
180	250	100	0.0432343	
180	500	100	0.169839	
180	750	100	0.375344	
180	1000	100	0.655503	
180	1250	100	1.00628	
180	1500	100	1.42386	
180	1750	100	1.90458	
180	2000	100	2.445	
180	2250	100	3.04183	
180	2500	100	3.69194	
180	2750	100	4.39237	
180	3000	100	5.1403	
180	3250	100	5.93304	
180	3500	100	6.76804	
180	3750	100	7.64288	
180	4000	100	8.55524	
180	4250	100	9.50294	
180	4500	100	10.4839	
180	4750	100	11.4961	
180	5000	100	12.5377	
180	5250	100	13.6068	
180	5500	100	14.7019	
180	5750	100	15.8211	
180	6000	100	16.9631	
180	6250	100	18.1262	
180	6500	100	19.3092	
180	6750	100	20.5107	
180	7000	100	21.7293	
180	7250	100	22.964	
180	7500	100	24.2135	
180	7750	100	25.4767	
180	8000	100	26.7527	
180	8250	100	28.0403	
180	8500	100	29.3387	
180	8750	100	30.647	
180	9000	100	31.9643	
180	9250	100	33.2897	
180	9500	100	34.6226	
180	9750	100	35.9622	
180	10000	100	37.3077	
190	250	100	0.045599	
190	500	100	0.17913	
190	750	100	0.395879	
190	1000	100	0.691369	
190	1250	100	1.06135	
190	1500	100	1.50178	
190	1750	100	2.00883	
190	2000	100	2.57885	
190	2250	100	3.20837	
190	2500	100	3.8941	
190	2750	100	4.63292	
190	3000	100	5.42184	
190	3250	100	6.25804	
190	3500	100	7.13883	
190	3750	100	8.06165	
190	4000	100	9.02406	
190	4250	100	10.0238	
190	4500	100	11.0585	
190	4750	100	12.1263	
190	5000	100	13.2251	
190	5250	100	14.3529	
190	5500	100	15.5081	
190	5750	100	16.6889	
190	6000	100	17.8936	
190	6250	100	19.1206	
190	6500	100	20.3686	
190	6750	100	21.6361	
190	7000	100	22.9218	
190	7250	100	24.2244	
190	7500	100	25.5426	
190	7750	100	26.8753	
190	8000	100	28.2215	
190	8250	100	29.58	
190	8500	100	30.9499	
190	8750	100	32.3302	
190	9000	100	33.72	
190	9250	100	35.1185	
190	9500	100	36.5248	
190	9750	100	37.9381	
190	10000	100	39.3578	
200	250	100	0.0479598	
200	500	100	0.188405	
200	750	100	0.41638	
200	1000	100	0.727178	
200	1250	100	1.11633	
200	1500	100	1.57959	
200	1750	100	2.11292	
200	2000	100	2.71249	
200	2250	100	3.37466	
200	2500	100	4.09596	
200	2750	100	4.8731	
200	3000	100	5.70296	
200	3250	100	6.58256	
200	3500	100	7.50907	
200	3750	100	8.47981	
200	4000	100	9.49221	
200	4250	100	10.5438	
200	4500	100	11.6324	
200	4750	100	12.7556	
200	5000	100	13.9115	
200	5250	100	15.098	
200	5500	100	16.3133	
200	5750	100	17.5554	
200	6000	100	18.8228	
200	6250	100	20.1137	
200	6500	100	21.4267	
200	6750	100	22.7602	
200	7000	100	24.1128	
200	7250	100	25.4831	
200	7500	100	26.87	
200	7750	100	28.2722	
200	8000	100	29.6885	
200	8250	100	31.1178	
200	8500	100	32.5591	
200	8750	100	34.0114	
200	9000	100	35.4737	
200	9250	100	36.9451	
200	9500	100	38.4247	
200	9750	100	39.9118	
200	10000	100	41.4055	
210	250	100	0.0503168	
210	500	100	0.197665	
210	750	100	0.436848	
210	1000	100	0.76293	
210	1250	100	1.17122	
210	1500	100	1.65727	
210	1750	100	2.21684	
210	2000	100	2.84592	
210	2250	100	3.54069	
210	2500	100	4.29751	
210	2750	100	5.11293	
210	3000	100	5.98366	
210	3250	100	6.90661	
210	3500	100	7.87878	
210	3750	100	8.89737	
210	4000	100	9.95968	
210	4250	100	11.0632	
210	4500	100	12.2054	
210	4750	100	13.3841	
210	5000	100	14.597	
210	5250	100	15.8421	
210	5500	100	17.1173	
210	5750	100	18.4208	
210	6000	100	19.7508	
210	6250	100	21.1055	
210	6500	100	22.4833	
210	6750	100	23.8827	
210	7000	100	25.3022	
210	7250	100	26.7403	
210	7500	100	28.1958	
210	7750	100	29.6673	
210	8000	100	31.1537	
210	8250	100	32.6537	
210	8500	100	34.1664	
210	8750	100	35.6905	
210	9000	100	37.2252	
210	9250	100	38.7695	
210	9500	100	40.3224	
210	9750	100	41.8832	
210	10000	100	43.451	
220	250	100	0.0526699	
220	500	100	0.206911	
220	750	100	0.457284	
220	1000	100	0.798624	
220	1250	100	1.22603	
220	1500	100	1.73483	
220	1750	100	2.32061	
220	2000	100	2.97915	
220	2250	100	3.70647	
220	2500	100	4.49875	
220	2750	100	5.35239	
220	3000	100	6.26395	
220	3250	100	7.23017	
220	3500	100	8.24794	
220	3750	100	9.31432	
220	4000	100	10.4265	
220	4250	100	11.5818	
220	4500	100	12.7776	
220	4750	100	14.0117	
220	5000	100	15.2816	
220	5250	100	16.5851	
220	5500	100	17.9203	
220	5750	100	19.285	
220	6000	100	20.6775	
220	6250	100	22.096	
220	6500	100	23.5386	
220	6750	100	25.0038	
220	7000	100	26.4901	
220	7250	100	27.9959	
220	7500	100	29.5199	
220	7750	100	31.0607	
220	8000	100	32.6171	
220	8250	100	34.1878	
220	8500	100	35.7717	
220	8750	100	37.3677	
220	9000	100	38.9747	
220	9250	100	40.5918	
220	9500	100	42.2179	
220	9750	100	43.8523	
220	10000	100	45.494	
230	250	100	0.0550191	
230	500	100	0.216141	
230	750	100	0.477686	
230	1000	100	0.834262	
230	1250	100	1.28074	
230	1500	100	1.81227	
230	1750	100	2.42421	
230	2000	100	3.11218	
230	2250	100	3.87199	
230	2500	100	4.69969	
230	2750	100	5.59149	
230	3000	100	6.54382	
230	3250	100	7.55326	
230	3500	100	8.61657	
230	3750	100	9.73066	
230	4000	100	10.8926	
230	4250	100	12.0996	
230	4500	100	13.3491	
230	4750	100	14.6384	
230	5000	100	15.9652	
230	5250	100	17.3271	
230	5500	100	18.7222	
230	5750	100	20.1481	
230	6000	100	21.6031	
230	6250	100	23.0851	
230	6500	100	24.5925	
230	6750	100	26.1234	
230	7000	100	27.6764	
230	7250	100	29.2499	
230	7500	100	30.8423	
230	7750	100	32.4523	
230	8000	100	34.0786	
230	8250	100	35.7199	
230	8500	100	37.375	
230	8750	100	39.0428	
230	9000	100	40.7221	
230	9250	100	42.4119	
230	9500	100	44.1112	
230	9750	100	45.8191	
230	10000	100	47.5347	
240	250	100	0.0573645	
240	500	100	0.225356	
240	750	100	0.498056	
240	1000	100	0.869843	
240	1250	100	1.33538	
240	1500	100	1.88959	
240	1750	100	2.52765	
240	2000	100	3.24499	
240	2250	100	4.03726	
240	2500	100	4.90032	
240	2750	100	5.83024	
240	3000	100	6.82327	
240	3250	100	7.87587	
240	3500	100	8.98465	
240	3750	100	10.1464	
240	4000	100	11.3581	
240	4250	100	12.6168	
240	4500	100	13.9197	
240	4750	100	15.2642	
240	5000	100	16.6478	
240	5250	100	18.0681	
240	5500	100	19.5229	
240	5750	100	21.01	
240	6000	100	22.5273	
240	6250	100	24.0729	
240	6500	100	25.645	
240	6750	100	27.2416	
240	7000	100	28.8613	
240	7250	100	30.5023	
240	7500	100	32.1631	
240	7750	100	33.8422	
240	8000	100	35.5384	
240	8250	100	37.2502	
240	8500	100	38.9765	
240	8750	100	40.7159	
240	9000	100	42.4674	
240	9250	100	44.2299	
240	9500	100	46.0023	
240	9750	100	47.7837	
240	10000	100	49.5731	
250	250	100	0.0597061	
250	500	100	0.234557	
250	750	100	0.518393	
250	1000	100	0.905367	
250	1250	100	1.38992	
250	1500	100	1.96678	
250	1750	100	2.63093	
250	2000	100	3.37761	
250	2250	100	4.20228	
250	2500	100	5.10065	
250	2750	100	6.06862	
250	3000	100	7.10231	
250	3250	100	8.198	
250	3500	100	9.3522	
250	3750	100	10.5616	
250	4000	100	11.8229	
250	4250	100	13.1331	
250	4500	100	14.4895	
250	4750	100	15.8891	
250	5000	100	17.3295	
250	5250	100	18.8081	
250	5500	100	20.3226	
250	5750	100	21.8708	
250	6000	100	23.4504	
250	6250	100	25.0595	
250	6500	100	26.6961	
250	6750	100	28.3584	
250	7000	100	30.0446	
250	7250	100	31.753	
250	7500	100	33.4822	
250	7750	100	35.2304	
250	8000	100	36.9964	
250	8250	100	38.7786	
250	8500	100	40.5759	
250	8750	100	42.387	
250	9000	100	44.2106	
250	9250	100	46.0457	
250	9500	100	47.8912	
250	9750	100	49.746	
250	10000	100	51.6092	
260	250	100	0.0620439	
260	500	100	0.243742	
260	750	100	0.538698	
260	1000	100	0.940835	
260	1250	100	1.44438	
260	1500	100	2.04386	
260	1750	100	2.73405	
260	2000	100	3.51002	
260	2250	100	4.36705	
260	2500	100	5.30068	
260	2750	100	6.30665	
260	3000	100	7.38093	
260	3250	100	8.51966	
260	3500	100	9.71921	
260	3750	100	10.9761	
260	4000	100	12.287	
260	4250	100	13.6488	
260	4500	100	15.0585	
260	4750	100	16.5132	
260	5000	100	18.0103	
260	5250	100	19.5471	
260	5500	100	21.1212	
260	5750	100	22.7304	
260	6000	100	24.3722	
260	6250	100	26.0447	
260	6500	100	27.7458	
260	6750	100	29.4737	
260	7000	100	31.2264	
260	7250	100	33.0022	
260	7500	100	34.7996	
260	7750	100	36.6168	
260	8000	100	38.4525	
260	8250	100	40.3052	
260	8500	100	42.1734	
260	8750	100	44.0561	
260	9000	100	45.9518	
260	9250	100	47.8594	
260	9500	100	49.7778	
260	9750	100	51.706	
260	10000	100	53.6429	
270	250	100	0.0643778	
270	500	100	0.252913	
270	750	100	0.55897	
270	1000	100	0.976246	
270	1250	100	1.49876	
270	1500	100	2.12081	
270	1750	100	2.83701	
270	2000	100	3.64222	
270	2250	100	4.53157	
270	2500	100	5.5004	
270	2750	100	6.54432	
270	3000	100	7.65913	
270	3250	100	8.84085	
270	3500	100	10.0857	
270	3750	100	11.39	
270	4000	100	12.7505	
270	4250	100	14.1637	
270	4500	100	15.6267	
270	4750	100	17.1364	
270	5000	100	18.6901	
270	5250	100	20.2851	
270	5500	100	21.9188	
270	5750	100	23.5888	
270	6000	100	25.2928	
270	6250	100	27.0287	
270	6500	100	28.7942	
270	6750	100	30.5875	
270	7000	100	32.4067	
270	7250	100	34.2498	
270	7500	100	36.1153	
270	7750	100	38.0015	
270	8000	100	39.9069	
270	8250	100	41.8298	
270	8500	100	43.769	
270	8750	100	45.7231	
270	9000	100	47.6908	
270	9250	100	49.6709	
270	9500	100	51.6623	
270	9750	100	53.6637	
270	10000	100	55.6743	
280	250	100	0.066708	
280	500	100	0.262069	
280	750	100	0.579209	
280	1000	100	1.0116	
280	1250	100	1.55304	
280	1500	100	2.19765	
280	1750	100	2.93981	
280	2000	100	3.77423	
280	2250	100	4.69583	
280	2500	100	5.69982	
280	2750	100	6.78164	
280	3000	100	7.93693	
280	3250	100	9.16157	
280	3500	100	10.4516	
280	3750	100	11.8034	
280	4000	100	13.2133	
280	4250	100	14.6779	
280	4500	100	16.1941	
280	4750	100	17.7587	
280	5000	100	19.369	
280	5250	100	21.022	
280	5500	100	22.7152	
280	5750	100	24.4461	
280	6000	100	26.2122	
280	6250	100	28.0113	
280	6500	100	29.8412	
280	6750	100	31.6999	
280	7000	100	33.5854	
280	7250	100	35.4959	
280	7500	100	37.4295	
280	7750	100	39.3845	
280	8000	100	41.3594	
280	8250	100	43.3526	
280	8500	100	45.3627	
280	8750	100	47.3882	
280	9000	100	49.4278	
280	9250	100	51.4803	
280	9500	100	53.5445	
280	9750	100	55.6192	
280	10000	100	57.7033	
290	250	100	0.0690343	
290	500	100	0.27121	
290	750	100	0.599416	
290	1000	100	1.0469	
290	1250	100	1.60725	
290	1500	100	2.27436	
290	1750	100	3.04246	
290	2000	100	3.90603	
290	2250	100	4.85985	
290	2500	100	5.89895	
290	2750	100	7.0186	
290	3000	100	8.21431	
290	3250	100	9.48181	
290	3500	100	10.817	
290	3750	100	12.2161	
290	4000	100	13.6754	
290	4250	100	15.1914	
290	4500	100	16.7607	
290	4750	100	18.3802	
290	5000	100	20.0469	
290	5250	100	21.758	
290	5500	100	23.5106	
290	5750	100	25.3022	
290	6000	100	27.1303	
290	6250	100	28.9926	
290	6500	100	30.8869	
290	6750	100	32.8109	
290	7000	100	34.7627	
290	7250	100	36.7403	
290	7500	100	38.7419	
290	7750	100	40.7658	
290	8000	100	42.8102	
290	8250	100	44.8736	
290	8500	100	46.9544	
290	8750	100	49.0513	
290	9000	100	51.1628	
290	9250	100	53.2876	
290	9500	100	55.4246	
290	9750	100	57.5724	
290	10000	100	59.73	
300	250	100	0.0713569	
300	500	100	0.280336	
300	750	100	0.61959	
300	1000	100	1.08214	
300	1250	100	1.66136	
300	1500	100	2.35095	
300	1750	100	3.14494	
300	2000	100	4.03762	
300	2250	100	5.02361	
300	2500	100	6.09777	
300	2750	100	7.2552	
300	3000	100	8.49128	
300	3250	100	9.80158	
300	3500	100	11.1819	
300	3750	100	12.6283	
300	4000	100	14.1369	
300	4250	100	15.7041	
300	4500	100	17.3265	
300	4750	100	19.0008	
300	5000	100	20.7239	
300	5250	100	22.4929	
300	5500	100	24.3049	
300	5750	100	26.1572	
300	6000	100	28.0472	
300	6250	100	29.9727	
300	6500	100	31.9311	
300	6750	100	33.9204	
300	7000	100	35.9384	
300	7250	100	37.9832	
300	7500	100	40.0527	
300	7750	100	42.1453	
300	8000	100	44.2591	
300	8250	100	46.3926	
300	8500	100	48.5442	
300	8750	100	50.7123	
300	9000	100	52.8956	
300	9250	100	55.0928	
300	9500	100	57.3024	
300	9750	100	59.5233	
300	10000	100	61.7544	
310	250	100	0.0736756	
310	500	100	0.289448	
310	750	100	0.639733	
310	1000	100	1.11733	
310	1250	100	1.71539	
310	1500	100	2.42743	
310	1750	100	3.24726	
310	2000	100	4.16902	
310	2250	100	5.18713	
310	2500	100	6.29628	
310	2750	100	7.49145	
310	3000	100	8.76783	
310	3250	100	10.1209	
310	3500	100	11.5462	
310	3750	100	13.0398	
310	4000	100	14.5977	
310	4250	100	16.2161	
310	4500	100	17.8915	
310	4750	100	19.6205	
310	5000	100	21.4	
310	5250	100	23.2268	
310	5500	100	25.0981	
310	5750	100	27.011	
310	6000	100	28.9629	
310	6250	100	30.9514	
310	6500	100	32.974	
310	6750	100	35.0285	
310	7000	100	37.1127	
310	7250	100	39.2244	
310	7500	100	41.3619	
310	7750	100	43.5231	
310	8000	100	45.7063	
310	8250	100	47.9098	
310	8500	100	50.132	
310	8750	100	52.3714	
310	9000	100	54.6265	
310	9250	100	56.8958	
310	9500	100	59.1781	
310	9750	100	61.472	
310	10000	100	63.7765	
320	250	100	0.0759906	
320	500	100	0.298544	
320	750	100	0.659842	
320	1000	100	1.15246	
320	1250	100	1.76934	
320	1500	100	2.50378	
320	1750	100	3.34942	
320	2000	100	4.30021	
320	2250	100	5.35039	
320	2500	100	6.4945	
320	2750	100	7.72735	
320	3000	100	9.04398	
320	3250	100	10.4397	
320	3500	100	11.9101	
320	3750	100	13.4508	
320	4000	100	15.0578	
320	4250	100	16.7274	
320	4500	100	18.4557	
320	4750	100	20.2394	
320	5000	100	22.0751	
320	5250	100	23.9597	
320	5500	100	25.8902	
320	5750	100	27.8637	
320	6000	100	29.8774	
320	6250	100	31.9289	
320	6500	100	34.0156	
320	6750	100	36.1352	
320	7000	100	38.2854	
320	7250	100	40.4641	
320	7500	100	42.6694	
320	7750	100	44.8992	
320	8000	100	47.1517	
320	8250	100	49.4252	
320	8500	100	51.718	
320	8750	100	54.0285	
320	9000	100	56.3552	
320	9250	100	58.6967	
320	9500	100	61.0515	
320	9750	100	63.4185	
320	10000	100	65.7962	
330	250	100	0.0783019	
330	500	100	0.307627	
330	750	100	0.67992	
330	1000	100	1.18753	
330	1250	100	1.8232	
330	1500	100	2.58002	
330	1750	100	3.45143	
330	2000	100	4.4312	
330	2250	100	5.51341	
330	2500	100	6.69242	
330	2750	100	7.96289	
330	3000	100	9.31972	
330	3250	100	10.7581	
330	3500	100	12.2733	
330	3750	100	13.8611	
330	4000	100	15.5173	
330	4250	100	17.2379	
330	4500	100	19.0191	
330	4750	100	20.8574	
330	5000	100	22.7493	
330	5250	100	24.6916	
330	5500	100	26.6812	
330	5750	100	28.7152	
330	6000	100	30.7907	
330	6250	100	32.9051	
330	6500	100	35.0558	
330	6750	100	37.2404	
330	7000	100	39.4566	
330	7250	100	41.7023	
330	7500	100	43.9752	
330	7750	100	46.2735	
330	8000	100	48.5953	
330	8250	100	50.9387	
330	8500	100	53.302	
330	8750	100	55.6836	
330	9000	100	58.0819	
330	9250	100	60.4954	
330	9500	100	62.9228	
330	9750	100	65.3626	
330	10000	100	67.8137	
340	250	100	0.0806093	
340	500	100	0.316694	
340	750	100	0.699966	
340	1000	100	1.22255	
340	1250	100	1.87698	
340	1500	100	2.65614	
340	1750	100	3.55328	
340	2000	100	4.56199	
340	2250	100	5.67618	
340	2500	100	6.89005	
340	2750	100	8.19808	
340	3000	100	9.59505	
340	3250	100	11.076	
340	3500	100	12.6361	
340	3750	100	14.2709	
340	4000	100	15.9762	
340	4250	100	17.7477	
340	4500	100	19.5818	
340	4750	100	21.4746	
340	5000	100	23.4226	
340	5250	100	25.4226	
340	5500	100	27.4712	
340	5750	100	29.5656	
340	6000	100	31.7027	
340	6250	100	33.8799	
340	6500	100	36.0946	
340	6750	100	38.3442	
340	7000	100	40.6263	
340	7250	100	42.9388	
340	7500	100	45.2794	
340	7750	100	47.6462	
340	8000	100	50.0371	
340	8250	100	52.4503	
340	8500	100	54.8841	
340	8750	100	57.3367	
340	9000	100	59.8065	
340	9250	100	62.2921	
340	9500	100	64.7919	
340	9750	100	67.3046	
340	10000	100	69.8288	
350	250	100	0.0829131	
350	500	100	0.325747	
350	750	100	0.719979	
350	1000	100	1.25752	
350	1250	100	1.93067	
350	1500	100	2.73213	
350	1750	100	3.65497	
350	2000	100	4.69258	
350	2250	100	5.8387	
350	2500	100	7.08737	
350	2750	100	8.43292	
350	3000	100	9.86997	
350	3250	100	11.3934	
350	3500	100	12.9983	
350	3750	100	14.6801	
350	4000	100	16.4343	
350	4250	100	18.2568	
350	4500	100	20.1436	
350	4750	100	22.0909	
350	5000	100	24.095	
350	5250	100	26.1525	
350	5500	100	28.2601	
350	5750	100	30.4148	
350	6000	100	32.6136	
350	6250	100	34.8535	
350	6500	100	37.132	
350	6750	100	39.4465	
350	7000	100	41.7945	
350	7250	100	44.1738	
350	7500	100	46.582	
350	7750	100	49.0171	
350	8000	100	51.4771	
350	8250	100	53.9601	
350	8500	100	56.4643	
350	8750	100	58.9878	
350	9000	100	61.5291	
350	9250	100	64.0866	
350	9500	100	66.6588	
350	9750	100	69.2443	
350	10000	100	71.8416	
360	250	100	0.085213	
360	500	100	0.334785	
360	750	100	0.73996	
360	1000	100	1.29242	
360	1250	100	1.98428	
360	1500	100	2.80801	
360	1750	100	3.7565	
360	2000	100	4.82297	
360	2250	100	6.00098	
360	2500	100	7.2844	
360	2750	100	8.66741	
360	3000	100	10.1445	
360	3250	100	11.7103	
360	3500	100	13.36	
360	3750	100	15.0887	
360	4000	100	16.8919	
360	4250	100	18.7652	
360	4500	100	20.7047	
360	4750	100	22.7063	
360	5000	100	24.7664	
360	5250	100	26.8814	
360	5500	100	29.048	
360	5750	100	31.2629	
360	6000	100	33.5232	
360	6250	100	35.8259	
360	6500	100	38.1682	
360	6750	100	40.5475	
360	7000	100	42.9613	
360	7250	100	45.4072	
360	7500	100	47.8829	
360	7750	100	50.3864	
360	8000	100	52.9154	
360	8250	100	55.4681	
360	8500	100	58.0425	
360	8750	100	60.6369	
360	9000	100	63.2496	
360	9250	100	65.879	
360	9500	100	68.5235	
360	9750	100	71.1817	
360	10000	100	73.8521	
370	250	100	0.0875093	
370	500	100	0.343809	
370	750	100	0.75991	
370	1000	100	1.32728	
370	1250	100	2.0378	
370	1500	100	2.88377	
370	1750	100	3.85788	
370	2000	100	4.95316	
370	2250	100	6.163	
370	2500	100	7.48112	
370	2750	100	8.90155	
370	3000	100	10.4186	
370	3250	100	12.0268	
370	3500	100	13.7212	
370	3750	100	15.4967	
370	4000	100	17.3487	
370	4250	100	19.2729	
370	4500	100	21.2649	
370	4750	100	23.3209	
370	5000	100	25.4369	
370	5250	100	27.6093	
370	5500	100	29.8348	
370	5750	100	32.1099	
370	6000	100	34.4316	
370	6250	100	36.7969	
370	6500	100	39.2029	
370	6750	100	41.647	
370	7000	100	44.1265	
370	7250	100	46.639	
370	7500	100	49.1822	
370	7750	100	51.7539	
370	8000	100	54.3519	
370	8250	100	56.9742	
370	8500	100	59.6188	
370	8750	100	62.2841	
370	9000	100	64.9681	
370	9250	100	67.6693	
370	9500	100	70.3861	
370	9750	100	73.1169	
370	10000	100	75.8603	
380	250	100	0.0898018	
380	500	100	0.352818	
380	750	100	0.779827	
380	1000	100	1.36207	
380	1250	100	2.09124	
380	1500	100	2.95941	
380	1750	100	3.9591	
380	2000	100	5.08315	
380	2250	100	6.32478	
380	2500	100	7.67756	
380	2750	100	9.13533	
380	3000	100	10.6923	
380	3250	100	12.3429	
380	3500	100	14.0818	
380	3750	100	15.9041	
380	4000	100	17.8049	
380	4250	100	19.7798	
380	4500	100	21.8244	
380	4750	100	23.9346	
380	5000	100	26.1064	
380	5250	100	28.3363	
380	5500	100	30.6205	
380	5750	100	32.9557	
380	6000	100	35.3388	
380	6250	100	37.7666	
380	6500	100	40.2363	
380	6750	100	42.7451	
380	7000	100	45.2902	
380	7250	100	47.8693	
380	7500	100	50.4799	
380	7750	100	53.1197	
380	8000	100	55.7866	
380	8250	100	58.4784	
380	8500	100	61.1933	
380	8750	100	63.9293	
380	9000	100	66.6846	
380	9250	100	69.4575	
380	9500	100	72.2465	
380	9750	100	75.0499	
380	10000	100	77.8663	
390	250	100	0.0920905	
390	500	100	0.361812	
390	750	100	0.799713	
390	1000	100	1.39682	
390	1250	100	2.14459	
390	1500	100	3.03494	
390	1750	100	4.06016	
390	2000	100	5.21294	
390	2250	100	6.48632	
390	2500	100	7.87369	
390	2750	100	9.36877	
390	3000	100	10.9656	
390	3250	100	12.6584	
390	3500	100	14.4419	
390	3750	100	16.3109	
390	4000	100	18.2605	
390	4250	100	20.286	
390	4500	100	22.3831	
390	4750	100	24.5474	
390	5000	100	26.7751	
390	5250	100	29.0622	
390	5500	100	31.4051	
390	5750	100	33.8004	
390	6000	100	36.2448	
390	6250	100	38.7351	
390	6500	100	41.2684	
390	6750	100	43.8417	
390	7000	100	46.4525	
390	7250	100	49.098	
390	7500	100	51.7759	
390	7750	100	54.4838	
390	8000	100	57.2195	
390	8250	100	59.9808	
390	8500	100	62.7658	
390	8750	100	65.5725	
390	9000	100	68.399	
390	9250	100	71.2436	
390	9500	100	74.1047	
390	9750	100	76.9806	
390	10000	100	79.8699	
400	250	100	0.0943756	
400	500	100	0.370792	
400	750	100	0.819567	
400	1000	100	1.4315	
400	1250	100	2.19786	
400	1500	100	3.11035	
400	1750	100	4.16107	
400	2000	100	5.34253	
400	2250	100	6.64761	
400	2500	100	8.06953	
400	2750	100	9.60186	
400	3000	100	11.2385	
400	3250	100	12.9735	
400	3500	100	14.8015	
400	3750	100	16.7171	
400	4000	100	18.7154	
400	4250	100	20.7915	
400	4500	100	22.941	
400	4750	100	25.1595	
400	5000	100	27.4428	
400	5250	100	29.7871	
400	5500	100	32.1887	
400	5750	100	34.644	
400	6000	100	37.1496	
400	6250	100	39.7023	
400	6500	100	42.2991	
400	6750	100	44.937	
400	7000	100	47.6132	
400	7250	100	50.3252	
400	7500	100	53.0703	
400	7750	100	55.8463	
400	8000	100	58.6507	
400	8250	100	61.4814	
400	8500	100	64.3364	
400	8750	100	67.2137	
400	9000	100	70.1113	
400	9250	100	73.0276	
400	9500	100	75.9607	
400	9750	100	78.9091	
400	10000	100	81.8712	
