1  0
1  0.3
4  0.472335473955119
3  0.503600208215458
2  0.5630466848978
5  0.71565121725898
4  0.772335473955119
3  0.803600208215458
2  0.8630466848978
6  1.01220465124167
5  1.01565121725898
2  1.18706140213681
4  1.21741826149119
5  1.28855449683978
6  1.31220465124167
3  1.33729243397888
2  1.45996468171761
4  1.51741826149119
5  1.58855449683978
6  1.67301305852715
2  1.75996468171761
3  1.8006055058833
4  1.83187024014364
6  1.97301305852715
4  2.05111048725462
5  2.0751859834475
2  2.11153818305997
3  2.23123631476693
5  2.29442623055848
4  2.31850172675136
6  2.37173941743019
2  2.41236576075929
4  2.53774197386234
3  2.54568829341937
5  2.58377594563712
6  2.59097966454118
2  2.63160600787027
4  2.82709168894098
6  2.85837090403792
3  2.86014027207182
2  2.92095572294891
5  3.01619060339125
6  3.0776111511489
3  3.18661150984038
2  3.18760078826908
4  3.25950634669511
5  3.33064258204369
6  3.36696086622754
2  3.50205276692152
3  3.54090974221672
4  3.57395832534755
5  3.64509456069613
6  3.71510114373106
2  3.81650474557397
4  3.88841030399999
3  3.96184653735016
5  3.97156579846469
6  4.0295531223835
2  4.14297598334252
4  4.21488154176855
3  4.28777637862329
5  4.32586403084104
6  4.35602436015206
2  4.49727421571887
4  4.5691797741449
6  4.59797722196318
3  4.60222835727573
2  4.73609228643125
5  4.74680082597448
4  4.82995632043918
6  4.9239070632363
3  4.92869959504429
2  5.06202212770437
5  5.0727306672476
6  5.13125938766185
4  5.1558861617123
3  5.28299782742063
6  5.36982549772574
2  5.37647410635682
5  5.38718264590005
4  5.47033814036475
3  5.5317551145988
6  5.69575533899886
2  5.70294534412538
5  5.71365388366861
4  5.79680937813331
3  5.85768495587192
6  5.91912851203365
4  5.99681588069637
2  6.05724357650172
5  6.06795211604495
6  6.16788579921182
3  6.17213693452437
4  6.24557316787454
2  6.30600086367989
5  6.31670940322312
6  6.45241067773232
3  6.49860817229293
4  6.56002514652698
2  6.63193070495301
5  6.64263924449624
6  6.70116796491049
3  6.8314893255828
4  6.8859549878001
2  6.94638268360545
5  6.95709122314869
6  7.02709780618361
3  7.10166369184744
4  7.20040696645255
2  7.27285392137401
5  7.28356246091724
6  7.34154978483605
3  7.42759353312056
4  7.5268782042211
2  7.60573507466389
5  7.61644361420712
6  7.66802102260461
3  7.742045511773
4  7.81548174512317
2  7.87590944092852
5  7.88661798047175
6  8.00090217589449
3  8.06851674954156
4  8.12993372377562
2  8.20183928220164
5  8.21254782174488
6  8.27107654215912
3  8.40139790283144
4  8.45586356504874
2  8.51629126085409
5  8.52699980039732
6  8.59700638343225
3  8.67157226909607
4  8.77031554370118
2  8.84276249862265
5  8.85347103816588
6  8.91145836208469
3  8.9975021103692
4  9.09678678146974
2  9.17564365191252
5  9.18635219145576
6  9.23792959985325
3  9.31195408902164
4  9.38539032237181
2  9.44581801817716
5  9.45652655772039
6  9.57081075314313
3  9.6384253267902
4  9.69984230102425
2  9.77174785945028
5  9.78245639899351
6  9.84098511940776
3  9.97130648008008
4  10.0257721422974
2  10.0861998381027
5  10.096908377646
6  10.1669149606809
3  10.2414808463447
4  10.3402241209498
2  10.4126710758713
5  10.4233796154145
6  10.4813669393333
3  10.5674106876178
4  10.6666953587184
2  10.7455522291612
5  10.7562607687044
6  10.8078381771019
3  10.8818626662703
4  10.9552988996204
2  11.0157265954258
5  11.026435134969
6  11.1407193303918
3  11.2083339040388
4  11.2697508782729
2  11.3416564366989
5  11.3523649762421
6  11.4108936966564
3  11.5412150573287
4  11.595680719546
2  11.6561084153514
5  11.6668169548946
6  11.7368235379295
3  11.8113894235933
4  11.9101326981985
2  11.9825796531199
5  11.9932881926632
6  12.051275516582
3  12.1373192648665
4  12.236603935967
2  12.3154608064098
5  12.326169345953
6  12.3777467543505
3  12.4517712435189
4  12.5252074768691
2  12.5856351726744
5  12.5963437122177
6  12.7106279076404
3  12.7782424812875
4  12.8396594555215
2  12.9115650139476
5  12.9222735534908
6  12.980802273905
3  13.1111236345773
4  13.1655892967946
2  13.2260169926
5  13.2367255321432
6  13.3067321151782
3  13.381298000842
4  13.4800412754471
2  13.5524882303686
5  13.5631967699118
6  13.6211840938306
3  13.7072278421151
4  13.8065125132157
2  13.8853693836584
5  13.8960779232017
6  13.9476553315992
3  14.0216798207675
4  14.0951160541177
2  14.1555437499231
5  14.1662522894663
6  14.280536484889
3  14.3481510585361
4  14.4095680327702
2  14.4814735911962
5  14.4921821307394
6  14.5507108511537
3  14.681032211826
4  14.7354978740433
2  14.7959255698486
5  14.8066341093919
6  14.8766406924268
3  14.9512065780906
4  15.0499498526957
2  15.1223968076172
5  15.1331053471604
6  15.1910926710792
3  15.2771364193637
4  15.3764210904643
2  15.4552779609071
5  15.4659865004503
6  15.5175639088478
3  15.5915883980162
4  15.6650246313664
2  15.7254523271717
5  15.7361608667149
6  15.8504450621377
3  15.9180596357847
4  15.9794766100188
2  16.0513821684448
5  16.0620907079881
6  16.1206194284023
3  16.2509407890746
4  16.3054064512919
2  16.3658341470973
5  16.3765426866405
6  16.4465492696754
3  16.5211151553393
4  16.6198584299444
2  16.6923053848658
5  16.7030139244091
6  16.7610012483279
3  16.8470449966124
4  16.9463296677129
2  17.0251865381557
5  17.0358950776989
6  17.0874724860964
3  17.1614969752648
4  17.234933208615
2  17.2953609044203
5  17.3060694439636
6  17.4203536393863
3  17.4879682130334
4  17.5493851872674
2  17.6212907456935
5  17.6319992852367
6  17.6905280056509
3  17.8208493663233
4  17.8753150285406
2  17.9357427243459
5  17.9464512638891
6  18.0164578469241
3  18.0910237325879
4  18.189767007193
2  18.2622139621145
5  18.2729225016577
6  18.3309098255765
3  18.416953573861
4  18.5162382449616
2  18.5950951154043
5  18.6058036549476
6  18.6573810633451
3  18.7314055525135
4  18.8048417858636
2  18.865269481669
5  18.8759780212122
6  18.9902622166349
3  19.057876790282
4  19.1192937645161
2  19.1911993229421
5  19.2019078624853
6  19.2604365828996
3  19.3907579435719
4  19.4452236057892
2  19.5056513015945
5  19.5163598411378
6  19.5863664241727
3  19.6609323098365
4  19.7596755844416
2  19.8321225393631
5  19.8428310789063
6  19.9008184028251
3  19.9868621511096
4  20.0861468222102
2  20.165003692653
5  20.1757122321962
6  20.2272896405937
3  20.3013141297621
4  20.3747503631123
2  20.4351780589176
5  20.4458865984608
6  20.5601707938836
3  20.6277853675306
4  20.6892023417647
2  20.7611079001907
5  20.771816439734
6  20.8303451601482
3  20.9606665208205
4  21.0151321830378
2  21.0755598788432
5  21.0862684183864
6  21.1562750014213
3  21.2308408870852
4  21.3295841616903
2  21.4020311166117
5  21.412739656155
6  21.4707269800738
3  21.5567707283583
4  21.6560553994588
2  21.7349122699016
5  21.7456208094448
6  21.7971982178423
3  21.8712227070107
4  21.9446589403609
2  22.0050866361662
5  22.0157951757095
6  22.1300793711322
3  22.1976939447793
4  22.2591109190133
2  22.3310164774394
5  22.3417250169826
6  22.4002537373968
3  22.5305750980692
4  22.5850407602865
2  22.6454684560918
5  22.656176995635
6  22.72618357867
3  22.8007494643338
4  22.8994927389389
2  22.9719396938604
5  22.9826482334036
6  23.0406355573224
3  23.1266793056069
4  23.2259639767075
2  23.3048208471502
5  23.3155293866935
6  23.367106795091
3  23.4411312842593
4  23.5145675176095
2  23.5749952134149
5  23.5857037529581
6  23.6999879483808
3  23.7676025220279
4  23.829019496262
2  23.900925054688
5  23.9116335942312
6  23.9701623146455
3  24.1004836753178
4  24.1549493375351
2  24.2153770333404
5  24.2260855728837
6  24.2960921559186
3  24.3706580415824
4  24.4694013161875
2  24.541848271109
5  24.5525568106522
6  24.610544134571
3  24.6965878828555
4  24.7958725539561
2  24.8747294243989
5  24.8854379639421
6  24.9370153723396
3  25.011039861508
4  25.0844760948582
2  25.1449037906635
5  25.1556123302067
6  25.2698965256295
3  25.3375110992765
4  25.3989280735106
2  25.4708336319366
5  25.4815421714799
6  25.5400708918941
3  25.6703922525664
4  25.7248579147837
2  25.7852856105891
5  25.7959941501323
6  25.8660007331672
3  25.940566618831
4  26.0393098934362
2  26.1117568483576
5  26.1224653879009
6  26.1804527118197
3  26.2664964601042
4  26.3657811312047
2  26.4446380016475
5  26.4553465411907
6  26.5069239495882
3  26.5809484387566
4  26.6543846721068
2  26.7148123679121
5  26.7255209074554
6  26.8398051028781
3  26.9074196765252
4  26.9688366507592
2  27.0407422091853
5  27.0514507487285
6  27.1099794691427
3  27.240300829815
4  27.2947664920323
2  27.3551941878377
5  27.3659027273809
6  27.4359093104159
3  27.5104751960797
4  27.6092184706848
2  27.6816654256063
5  27.6923739651495
6  27.7503612890683
3  27.8364050373528
4  27.9356897084533
2  28.0145465788961
5  28.0252551184394
6  28.0768325268369
3  28.1508570160052
4  28.2242932493554
2  28.2847209451608
5  28.295429484704
6  28.4097136801267
3  28.4773282537738
4  28.5387452280079
2  28.6106507864339
5  28.6213593259771
6  28.6798880463914
3  28.8102094070637
4  28.864675069281
2  28.9251027650863
5  28.9358113046296
6  29.0058178876645
3  29.0803837733283
4  29.1791270479334
2  29.2515740028549
5  29.2622825423981
6  29.3202698663169
3  29.4063136146014
4  29.505598285702
2  29.5844551561448
5  29.595163695688
6  29.6467411040855
3  29.7207655932539
4  29.7942018266041
2  29.8546295224094
5  29.8653380619526
6  29.9796222573754
3  30.0472368310224
4  30.1086538052565
2  30.1805593636825
5  30.1912679032258
6  30.24979662364
3  30.3801179843123
4  30.4345836465296
2  30.495011342335
5  30.5057198818782
6  30.5757264649131
3  30.6502923505769
4  30.7490356251821
2  30.8214825801035
5  30.8321911196468
6  30.8901784435656
3  30.9762221918501
4  31.0755068629506
2  31.1543637333934
5  31.1650722729366
6  31.2166496813341
3  31.2906741705025
4  31.3641104038527
2  31.424538099658
5  31.4352466392013
6  31.549530834624
3  31.6171454082711
4  31.6785623825051
2  31.7504679409312
5  31.7611764804744
6  31.8197052008886
3  31.9500265615609
4  32.0044922237783
2  32.0649199195836
5  32.0756284591268
6  32.1456350421618
3  32.2202009278256
4  32.3189442024307
2  32.3913911573522
5  32.4020996968954
6  32.4600870208142
3  32.5461307690987
4  32.6454154401993
2  32.724272310642
5  32.7349808501853
6  32.7865582585828
3  32.8605827477512
4  32.9340189811013
2  32.9944466769067
5  33.0051552164499
6  33.1194394118726
3  33.1870539855197
4  33.2484709597538
2  33.3203765181798
5  33.331085057723
6  33.3896137781373
3  33.5199351388096
4  33.5744008010269
2  33.6348284968322
5  33.6455370363755
6  33.7155436194104
3  33.7901095050742
4  33.8888527796793
2  33.9612997346008
5  33.972008274144
6  34.0299955980628
3  34.1160393463473
4  34.2153240174479
2  34.2941808878907
5  34.3048894274339
6  34.3564668358314
3  34.4304913249998
4  34.50392755835
2  34.5643552541553
5  34.5750637936985
6  34.6893479891213
3  34.7569625627684
4  34.8183795370024
2  34.8902850954284
5  34.9009936349717
6  34.9595223553859
3  35.0898437160582
4  35.1443093782755
2  35.2047370740809
5  35.2154456136241
6  35.285452196659
3  35.3600180823229
4  35.458761356928
2  35.5312083118494
5  35.5419168513927
6  35.5999041753115
3  35.685947923596
4  35.7852325946965
2  35.8640894651393
5  35.8747980046825
6  35.92637541308
3  36.0003999022484
4  36.0738361355986
2  36.1342638314039
5  36.1449723709472
6  36.2592565663699
3  36.326871140017
4  36.388288114251
2  36.4601936726771
5  36.4709022122203
6  36.5294309326345
3  36.6597522933069
4  36.7142179555242
2  36.7746456513295
5  36.7853541908728
6  36.8553607739077
3  36.9299266595715
4  37.0286699341766
2  37.1011168890981
5  37.1118254286413
6  37.1698127525601
3  37.2558565008446
4  37.3551411719452
2  37.4339980423879
5  37.4447065819312
6  37.4962839903287
3  37.5703084794971
4  37.6437447128472
2  37.7041724086526
5  37.7148809481958
6  37.8291651436186
3  37.8967797172656
4  37.9581966914997
2  38.0301022499257
5  38.0408107894689
6  38.0993395098832
3  38.2296608705555
4  38.2841265327728
2  38.3445542285782
5  38.3552627681214
6  38.4252693511563
3  38.4998352368201
4  38.5985785114253
2  38.6710254663467
5  38.68173400589
6  38.7397213298088
3  38.8257650780933
4  38.9250497491938
2  39.0039066196366
5  39.0146151591798
6  39.0661925675773
3  39.1402170567457
4  39.2136532900959
2  39.2740809859012
5  39.2847895254445
6  39.3990737208672
3  39.4666882945143
4  39.5281052687483
2  39.6000108271743
5  39.6107193667176
6  39.6692480871318
3  39.7995694478041
4  39.8540351100214
2  39.9144628058268
5  39.92517134537
6  39.9951779284049
3  40.0697438140688
4  40.1684870886739
2  40.2409340435954
5  40.2516425831386
6  40.3096299070574
3  40.3956736553419
4  40.4949583264425
2  40.5738151968852
5  40.5845237364285
6  40.636101144826
3  40.7101256339944
4  40.7835618673445
2  40.8439895631499
5  40.8546981026931
6  40.9689822981158
3  41.0365968717629
4  41.098013845997
2  41.169919404423
5  41.1806279439662
6  41.2391566643805
3  41.3694780250528
4  41.4239436872701
2  41.4843713830754
5  41.4950799226187
6  41.5650865056536
3  41.6396523913174
4  41.7383956659225
2  41.810842620844
5  41.8215511603872
6  41.879538484306
3  41.9655822325905
4  42.0648669036911
2  42.1437237741339
5  42.1544323136771
6  42.2060097220746
3  42.280034211243
4  42.3534704445932
2  42.4138981403985
5  42.4246066799417
6  42.5388908753645
3  42.6065054490116
4  42.6679224232456
2  42.7398279816716
5  42.7505365212149
6  42.8090652416291
3  42.9393866023014
4  42.9938522645187
2  43.0542799603241
5  43.0649884998673
6  43.1349950829022
3  43.2095609685661
4  43.3083042431712
2  43.3807511980926
5  43.3914597376359
6  43.4494470615547
3  43.5354908098392
4  43.6347754809397
2  43.7136323513825
5  43.7243408909257
6  43.7759182993232
3  43.8499427884916
4  43.9233790218418
2  43.9838067176471
5  43.9945152571904
6  44.1087994526131
3  44.1764140262602
4  44.2378310004942
2  44.3097365589203
5  44.3204450984635
6  44.3789738188777
3  44.5092951795501
4  44.5637608417674
2  44.6241885375727
5  44.634897077116
6  44.7049036601509
3  44.7794695458147
4  44.8782128204198
2  44.9506597753413
5  44.9613683148845
6  45.0193556388033
3  45.1053993870878
4  45.2046840581884
2  45.2835409286311
5  45.2942494681744
6  45.3458268765719
3  45.4198513657403
4  45.4932875990904
2  45.5537152948958
5  45.564423834439
6  45.6787080298618
3  45.7463226035088
4  45.8077395777429
2  45.8796451361689
5  45.8903536757121
6  45.9488823961264
3  46.0792037567987
4  46.133669419016
2  46.1940971148214
5  46.2048056543646
6  46.2748122373995
3  46.3493781230633
4  46.4481213976685
2  46.5205683525899
5  46.5312768921332
6  46.589264216052
3  46.6753079643365
4  46.774592635437
2  46.8534495058798
5  46.864158045423
6  46.9157354538205
3  46.9897599429889
4  47.0631961763391
2  47.1236238721444
5  47.1343324116877
6  47.2486166071104
3  47.3162311807575
4  47.3776481549915
2  47.4495537134175
5  47.4602622529608
6  47.518790973375
3  47.6491123340473
4  47.7035779962646
2  47.76400569207
5  47.7747142316132
6  47.8447208146481
3  47.919286700312
4  48.0180299749171
2  48.0904769298386
5  48.1011854693818
6  48.1591727933006
3  48.2452165415851
4  48.3445012126857
2  48.4233580831284
5  48.4340666226717
6  48.4856440310692
3  48.5596685202376
4  48.6331047535877
2  48.6935324493931
5  48.7042409889363
6  48.818525184359
3  48.8861397580061
4  48.9475567322402
2  49.0194622906662
5  49.0301708302094
6  49.0886995506237
3  49.219020911296
4  49.2734865735133
2  49.3339142693186
5  49.3446228088619
6  49.4146293918968
3  49.4891952775606
4  49.5879385521657
2  49.6603855070872
5  49.6710940466304
6  49.7290813705492
3  49.8151251188337
4  49.9144097899343
2  49.9932666603771
5  50.0039751999203
6  50.0555526083178
3  50.1295770974862
4  50.2030133308364
2  50.2634410266417
5  50.2741495661849
6  50.3884337616077
3  50.4560483352547
4  50.5174653094888
2  50.5893708679148
5  50.6000794074581
6  50.6586081278723
3  50.7889294885446
4  50.8433951507619
2  50.9038228465673
5  50.9145313861105
6  50.9845379691454
3  51.0591038548093
4  51.1578471294144
2  51.2302940843358
5  51.2410026238791
6  51.2989899477979
3  51.3850336960824
4  51.4843183671829
2  51.5631752376257
5  51.5738837771689
6  51.6254611855664
3  51.6994856747348
4  51.772921908085
2  51.8333496038903
5  51.8440581434336
6  51.9583423388563
3  52.0259569125034
4  52.0873738867374
2  52.1592794451635
5  52.1699879847067
6  52.2285167051209
3  52.3588380657933
4  52.4133037280106
2  52.4737314238159
5  52.4844399633592
6  52.5544465463941
3  52.6290124320579
4  52.727755706663
2  52.8002026615845
5  52.8109112011277
6  52.8688985250465
3  52.954942273331
4  53.0542269444316
2  53.1330838148743
5  53.1437923544176
6  53.1953697628151
3  53.2693942519835
4  53.3428304853336
2  53.403258181139
5  53.4139667206822
6  53.528250916105
3  53.595865489752
4  53.6572824639861
2  53.7291880224121
5  53.7398965619553
6  53.7984252823696
3  53.9287466430419
4  53.9832123052592
2  54.0436400010646
5  54.0543485406078
6  54.1243551236427
3  54.1989210093065
4  54.2976642839117
2  54.3701112388331
5  54.3808197783763
6  54.4388071022952
3  54.5248508505797
4  54.6241355216802
2  54.702992392123
5  54.7137009316662
6  54.7652783400637
3  54.8393028292321
4  54.9127390625823
2  54.9731667583876
5  54.9838752979309
6  55.0981594933536
3  55.1657740670007
4  55.2271910412347
2  55.2990965996607
5  55.309805139204
6  55.3683338596182
3  55.4986552202905
4  55.5531208825078
2  55.6135485783132
5  55.6242571178564
6  55.6942637008913
3  55.7688295865552
4  55.8675728611603
2  55.9400198160818
5  55.950728355625
6  56.0087156795438
3  56.0947594278283
4  56.1940440989288
2  56.2729009693716
5  56.2836095089149
6  56.3351869173124
3  56.4092114064808
4  56.4826476398309
2  56.5430753356363
5  56.5537838751795
6  56.6680680706022
3  56.7356826442493
4  56.7970996184834
2  56.8690051769094
5  56.8797137164526
6  56.9382424368669
3  57.0685637975392
4  57.1230294597565
2  57.1834571555618
5  57.1941656951051
6  57.26417227814
3  57.3387381638038
4  57.4374814384089
2  57.5099283933304
5  57.5206369328736
6  57.5786242567924
3  57.6646680050769
4  57.7639526761775
2  57.8428095466203
5  57.8535180861635
6  57.905095494561
3  57.9791199837294
4  58.0525562170796
2  58.1129839128849
5  58.1236924524281
6  58.2379766478509
3  58.3055912214979
4  58.367008195732
2  58.438913754158
5  58.4496222937013
6  58.5081510141155
3  58.6384723747878
4  58.6929380370051
2  58.7533657328105
5  58.7640742723537
6  58.8340808553886
3  58.9086467410525
4  59.0073900156576
2  59.079836970579
5  59.0905455101223
6  59.1485328340411
3  59.2345765823256
4  59.3338612534261
2  59.4127181238689
5  59.4234266634121
6  59.4750040718096
3  59.549028560978
4  59.6224647943282
2  59.6828924901335
5  59.6936010296768
6  59.8078852250995
3  59.8754997987466
4  59.9369167729806
2  60.0088223314067
5  60.0195308709499
6  60.0780595913641
3  60.2083809520365
4  60.2628466142538
2  60.3232743100591
5  60.3339828496024
6  60.4039894326373
3  60.4785553183011
4  60.5772985929062
2  60.6497455478277
5  60.6604540873709
6  60.7184414112897
3  60.8044851595742
4  60.9037698306748
2  60.9826267011175
5  60.9933352406608
6  61.0449126490583
3  61.1189371382267
4  61.1923733715768
2  61.2528010673822
5  61.2635096069254
6  61.3777938023482
3  61.4454083759952
4  61.5068253502293
2  61.5787309086553
5  61.5894394481985
6  61.6479681686128
3  61.7782895292851
4  61.8327551915024
2  61.8931828873078
5  61.903891426851
6  61.9738980098859
3  62.0484638955497
4  62.1472071701549
2  62.2196541250763
5  62.2303626646195
6  62.2883499885384
3  62.3743937368229
4  62.4736784079234
2  62.5525352783662
5  62.5632438179094
6  62.6148212263069
3  62.6888457154753
4  62.7622819488255
2  62.8227096446308
5  62.8334181841741
6  62.9477023795968
3  63.0153169532439
4  63.0767339274779
2  63.1486394859039
5  63.1593480254472
6  63.2178767458614
3  63.3481981065337
4  63.402663768751
2  63.4630914645564
5  63.4738000040996
6  63.5438065871345
3  63.6183724727984
4  63.7171157474035
2  63.789562702325
5  63.8002712418682
6  63.858258565787
3  63.9443023140715
4  64.0435869851721
2  64.1224438556148
5  64.1331523951581
6  64.1847298035556
3  64.258754292724
4  64.3321905260741
2  64.3926182218795
5  64.4033267614227
6  64.5176109568454
3  64.5852255304925
4  64.6466425047266
2  64.7185480631526
5  64.7292566026958
6  64.7877853231101
3  64.9181066837824
4  64.9725723459997
2  65.033000041805
5  65.0437085813483
6  65.1137151643832
3  65.188281050047
4  65.2870243246521
2  65.3594712795736
5  65.3701798191168
6  65.4281671430356
3  65.5142108913201
4  65.6134955624207
2  65.6923524328635
5  65.7030609724067
6  65.7546383808042
3  65.8286628699726
4  65.9020991033227
2  65.9625267991281
5  65.9732353386713
6  66.0875195340941
3  66.1551341077411
4  66.2165510819752
2  66.2884566404012
5  66.2991651799445
6  66.3576939003587
3  66.488015261031
4  66.5424809232483
2  66.6029086190537
5  66.6136171585969
6  66.6836237416318
3  66.7581896272957
4  66.8569329019008
2  66.9293798568222
5  66.9400883963655
6  66.9980757202843
3  67.0841194685688
4  67.1834041396693
2  67.2622610101121
5  67.2729695496553
6  67.3245469580528
3  67.3985714472212
4  67.4720076805714
2  67.5324353763767
5  67.54314391592
6  67.6574281113427
3  67.7250426849898
4  67.7864596592238
2  67.8583652176499
5  67.8690737571931
6  67.9276024776073
3  68.0579238382797
4  68.112389500497
2  68.1728171963023
5  68.1835257358455
6  68.2535323188805
3  68.3280982045443
4  68.4268414791494
2  68.4992884340709
5  68.5099969736141
6  68.5679842975329
3  68.6540280458174
4  68.753312716918
2  68.8321695873608
5  68.842878126904
6  68.8944555353015
3  68.9684800244699
4  69.04191625782
2  69.1023439536254
5  69.1130524931686
6  69.2273366885914
3  69.2949512622384
4  69.3563682364725
2  69.4282737948985
5  69.4389823344417
6  69.497511054856
3  69.6278324155283
4  69.6822980777456
2  69.742725773551
5  69.7534343130942
6  69.8234408961291
3  69.8980067817929
4  69.9967500563981
2  70.0691970113195
5  70.0799055508627
6  70.1378928747816
3  70.2239366230661
4  70.3232212941666
2  70.4020781646094
5  70.4127867041526
6  70.4643641125501
3  70.5383886017185
4  70.6118248350687
2  70.672252530874
5  70.6829610704173
6  70.79724526584
3  70.8648598394871
4  70.9262768137211
2  70.9981823721471
5  71.0088909116904
6  71.0674196321046
3  71.1977409927769
4  71.2522066549942
2  71.3126343507996
5  71.3233428903428
6  71.3933494733777
3  71.4679153590416
4  71.5666586336467
2  71.6391055885682
5  71.6498141281114
6  71.7078014520302
3  71.7938452003147
4  71.8931298714153
2  71.971986741858
5  71.9826952814013
6  72.0342726897988
3  72.1082971789671
4  72.1817334123173
2  72.2421611081227
5  72.2528696476659
6  72.3671538430886
3  72.4347684167357
4  72.4961853909698
2  72.5680909493958
5  72.578799488939
6  72.6373282093533
3  72.7676495700256
4  72.8221152322429
2  72.8825429280482
5  72.8932514675915
6  72.9632580506264
3  73.0378239362902
4  73.1365672108953
2  73.2090141658168
5  73.21972270536
6  73.2777100292788
3  73.3637537775633
4  73.4630384486639
2  73.5418953191067
5  73.5526038586499
6  73.6041812670474
3  73.6782057562158
4  73.7516419895659
2  73.8120696853713
5  73.8227782249145
6  73.9370624203373
3  74.0046769939843
4  74.0660939682184
2  74.1379995266444
5  74.1487080661877
6  74.2072367866019
3  74.3375581472742
4  74.3920238094915
2  74.4524515052969
5  74.4631600448401
6  74.533166627875
3  74.6077325135388
4  74.706475788144
2  74.7789227430654
5  74.7896312826087
6  74.8476186065275
3  74.933662354812
4  75.0329470259125
2  75.1118038963553
5  75.1225124358985
6  75.174089844296
3  75.2481143334644
4  75.3215505668146
2  75.3819782626199
5  75.3926868021632
6  75.5069709975859
3  75.574585571233
4  75.636002545467
2  75.7079081038931
5  75.7186166434363
6  75.7771453638505
3  75.9074667245229
4  75.9619323867402
2  76.0223600825455
5  76.0330686220887
6  76.1030752051237
3  76.1776410907875
4  76.2763843653926
2  76.3488313203141
5  76.3595398598573
6  76.4175271837761
3  76.5035709320606
4  76.6028556031612
2  76.681712473604
5  76.6924210131472
6  76.7439984215447
3  76.8180229107131
4  76.8914591440632
2  76.9518868398686
5  76.9625953794118
6  77.0768795748346
3  77.1444941484816
4  77.2059111227157
2  77.2778166811417
5  77.2885252206849
6  77.3470539410992
3  77.4773753017715
4  77.5318409639888
2  77.5922686597942
5  77.6029771993374
6  77.6729837823723
3  77.7475496680361
4  77.8462929426413
2  77.9187398975627
5  77.9294484371059
6  77.9874357610248
3  78.0734795093093
4  78.1727641804098
2  78.2516210508526
5  78.2623295903958
6  78.3139069987933
3  78.3879314879617
4  78.4613677213119
2  78.5217954171172
5  78.5325039566604
6  78.6467881520832
3  78.7144027257303
4  78.7758196999643
2  78.8477252583903
5  78.8584337979336
6  78.9169625183478
3  79.0472838790201
4  79.1017495412374
2  79.1621772370428
5  79.172885776586
6  79.2428923596209
3  79.3174582452848
4  79.4162015198899
2  79.4886484748114
5  79.4993570143546
6  79.5573443382734
3  79.6433880865579
4  79.7426727576585
2  79.8215296281012
5  79.8322381676445
6  79.883815576042
3  79.9578400652103
4  80.0312762985605
2  80.0917039943659
5  80.1024125339091
6  80.2166967293318
3  80.2843113029789
4  80.345728277213
2  80.417633835639
5  80.4283423751822
6  80.4868710955965
3  80.6171924562688
4  80.6716581184861
2  80.7320858142914
5  80.7427943538347
6  80.8128009368696
3  80.8873668225334
4  80.9861100971385
2  81.05855705206
5  81.0692655916032
6  81.127252915522
3  81.2132966638065
4  81.3125813349071
2  81.3914382053499
5  81.4021467448931
6  81.4537241532906
3  81.527748642459
4  81.6011848758091
2  81.6616125716145
5  81.6723211111577
6  81.7866053065805
3  81.8542198802275
4  81.9156368544616
2  81.9875424128876
5  81.9982509524309
6  82.0567796728451
3  82.1871010335174
4  82.2415666957347
2  82.3019943915401
5  82.3127029310833
6  82.3827095141182
3  82.457275399782
4  82.5560186743872
2  82.6284656293086
5  82.6391741688519
6  82.6971614927707
3  82.7832052410552
4  82.8824899121557
2  82.9613467825985
5  82.9720553221417
6  83.0236327305392
3  83.0976572197076
4  83.1710934530578
2  83.2315211488631
5  83.2422296884064
6  83.3565138838291
3  83.4241284574762
4  83.4855454317102
2  83.5574509901363
5  83.5681595296795
6  83.6266882500937
3  83.7570096107661
4  83.8114752729834
2  83.8719029687887
5  83.8826115083319
6  83.9526180913669
3  84.0271839770307
4  84.1259272516358
2  84.1983742065573
5  84.2090827461005
6  84.2670700700193
3  84.3531138183038
4  84.4523984894044
2  84.5312553598472
5  84.5419638993904
6  84.5935413077879
3  84.6675657969563
4  84.7410020303064
2  84.8014297261118
5  84.812138265655
6  84.9264224610777
3  84.9940370347248
4  85.0554540089589
2  85.1273595673849
5  85.1380681069281
6  85.1965968273424
3  85.3269181880147
4  85.381383850232
2  85.4418115460374
5  85.4525200855806
6  85.5225266686155
3  85.5970925542793
4  85.6958358288845
2  85.7682827838059
5  85.7789913233491
6  85.836978647268
3  85.9230223955525
4  86.022307066653
2  86.1011639370958
5  86.111872476639
6  86.1634498850365
3  86.2374743742049
4  86.3109106075551
2  86.3713383033604
5  86.3820468429036
6  86.4963310383264
3  86.5639456119735
4  86.6253625862075
2  86.6972681446335
5  86.7079766841768
6  86.766505404591
3  86.8968267652633
4  86.9512924274806
2  87.011720123286
5  87.0224286628292
6  87.0924352458641
3  87.167001131528
4  87.2657444061331
2  87.3381913610546
5  87.3488999005978
6  87.4068872245166
3  87.4929309728011
4  87.5922156439017
2  87.6710725143444
5  87.6817810538877
6  87.7333584622852
3  87.8073829514535
4  87.8808191848037
2  87.9412468806091
5  87.9519554201523
6  88.066239615575
3  88.1338541892221
4  88.1952711634562
2  88.2671767218822
5  88.2778852614254
6  88.3364139818397
3  88.466735342512
4  88.5212010047293
2  88.5816287005346
5  88.5923372400779
6  88.6623438231128
3  88.7369097087766
4  88.8356529833817
2  88.9080999383032
5  88.9188084778464
6  88.9767958017652
3  89.0628395500497
4  89.1621242211503
2  89.2409810915931
5  89.2516896311363
6  89.3032670395338
3  89.3772915287022
4  89.4507277620523
2  89.5111554578577
5  89.5218639974009
6  89.6361481928237
3  89.7037627664707
4  89.7651797407048
2  89.8370852991308
5  89.8477938386741
6  89.9063225590883
3  90.0366439197606
4  90.0911095819779
2  90.1515372777833
5  90.1622458173265
6  90.2322524003614
3  90.3068182860252
4  90.4055615606304
2  90.4780085155518
5  90.4887170550951
6  90.5467043790139
3  90.6327481272984
4  90.7320327983989
2  90.8108896688417
5  90.8215982083849
6  90.8731756167824
3  90.9472001059508
4  91.020636339301
2  91.0810640351063
5  91.0917725746496
6  91.2060567700723
3  91.2736713437194
4  91.3350883179534
2  91.4069938763795
5  91.4177024159227
6  91.4762311363369
3  91.6065524970093
4  91.6610181592266
2  91.7214458550319
5  91.7321543945751
6  91.8021609776101
3  91.8767268632739
4  91.975470137879
2  92.0479170928005
5  92.0586256323437
6  92.1166129562625
3  92.202656704547
4  92.3019413756476
2  92.3807982460904
5  92.3915067856336
6  92.4430841940311
3  92.5171086831995
4  92.5905449165496
2  92.650972612355
5  92.6616811518982
6  92.7759653473209
3  92.843579920968
4  92.9049968952021
2  92.9769024536281
5  92.9876109931713
6  93.0461397135856
3  93.1764610742579
4  93.2309267364752
2  93.2913544322806
5  93.3020629718238
6  93.3720695548587
3  93.4466354405225
4  93.5453787151277
2  93.6178256700491
5  93.6285342095923
6  93.6865215335112
3  93.7725652817957
4  93.8718499528962
2  93.950706823339
5  93.9614153628822
6  94.0129927712797
3  94.0870172604481
4  94.1604534937983
2  94.2208811896036
5  94.2315897291468
6  94.3458739245696
3  94.4134884982167
4  94.4749054724507
2  94.5468110308767
5  94.55751957042
6  94.6160482908342
3  94.7463696515065
4  94.8008353137238
2  94.8612630095292
5  94.8719715490724
6  94.9419781321073
3  95.0165440177712
4  95.1152872923763
2  95.1877342472978
5  95.198442786841
6  95.2564301107598
3  95.3424738590443
4  95.4417585301449
2  95.5206154005876
5  95.5313239401309
6  95.5829013485284
3  95.6569258376967
4  95.7303620710469
2  95.7907897668523
5  95.8014983063955
6  95.9157825018182
3  95.9833970754653
4  96.0448140496994
2  96.1167196081254
5  96.1274281476686
6  96.1859568680829
3  96.3162782287552
4  96.3707438909725
2  96.4311715867778
5  96.4418801263211
6  96.511886709356
3  96.5864525950198
4  96.6851958696249
2  96.7576428245464
5  96.7683513640896
6  96.8263386880084
3  96.9123824362929
4  97.0116671073935
2  97.0905239778363
5  97.1012325173795
6  97.152809925777
3  97.2268344149454
4  97.3002706482955
2  97.3606983441009
5  97.3714068836441
6  97.4856910790669
3  97.5533056527139
4  97.614722626948
2  97.686628185374
5  97.6973367249173
6  97.7558654453315
3  97.8861868060038
4  97.9406524682211
2  98.0010801640265
5  98.0117887035697
6  98.0817952866046
3  98.1563611722684
4  98.2551044468736
2  98.327551401795
5  98.3382599413383
6  98.3962472652571
3  98.4822910135416
4  98.5815756846421
2  98.6604325550849
5  98.6711410946281
6  98.7227185030256
3  98.796742992194
4  98.8701792255442
2  98.9306069213495
5  98.9413154608928
6  99.0555996563155
3  99.1232142299626
4  99.1846312041966
2  99.2565367626227
5  99.2672453021659
6  99.3257740225801
3  99.4560953832525
4  99.5105610454698
2  99.5709887412751
5  99.5816972808183
6  99.6517038638533
3  99.7262697495171
4  99.8250130241222
2  99.8974599790437
5  99.9081685185869
6  99.9661558425057
3  100.05219959079
4  100.151484261891
2  100.230341132334
5  100.241049671877
6  100.292627080274
3  100.366651569443
4  100.440087802793
2  100.500515498598
5  100.511224038141
6  100.625508233564
3  100.693122807211
4  100.754539781445
2  100.826445339871
5  100.837153879415
6  100.895682599829
3  101.026003960501
4  101.080469622718
2  101.140897318524
5  101.151605858067
6  101.221612441102
3  101.296178326766
4  101.394921601371
2  101.467368556292
5  101.478077095836
6  101.536064419754
3  101.622108168039
4  101.721392839139
2  101.800249709582
5  101.810958249125
6  101.862535657523
3  101.936560146691
4  102.009996380041
2  102.070424075847
5  102.08113261539
6  102.195416810813
3  102.26303138446
4  102.324448358694
2  102.39635391712
5  102.407062456663
6  102.465591177077
3  102.59591253775
4  102.650378199967
2  102.710805895772
5  102.721514435316
6  102.791521018351
3  102.866086904014
4  102.964830178619
2  103.037277133541
5  103.047985673084
6  103.105972997003
3  103.192016745287
4  103.291301416388
2  103.370158286831
5  103.380866826374
6  103.432444234772
3  103.50646872394
4  103.57990495729
2  103.640332653095
5  103.651041192639
6  103.765325388061
3  103.832939961709
4  103.894356935943
2  103.966262494369
5  103.976971033912
6  104.035499754326
3  104.165821114998
4  104.220286777216
2  104.280714473021
5  104.291423012564
6  104.361429595599
3  104.435995481263
4  104.534738755868
2  104.60718571079
5  104.617894250333
6  104.675881574252
3  104.761925322536
4  104.861209993637
2  104.940066864079
5  104.950775403623
6  105.00235281202
3  105.076377301189
4  105.149813534539
2  105.210241230344
5  105.220949769887
6  105.33523396531
3  105.402848538957
4  105.464265513191
2  105.536171071617
5  105.54687961116
6  105.605408331575
3  105.735729692247
4  105.790195354464
2  105.85062305027
5  105.861331589813
6  105.931338172848
3  106.005904058512
4  106.104647333117
2  106.177094288038
5  106.187802827581
6  106.2457901515
3  106.331833899785
4  106.431118570885
2  106.509975441328
5  106.520683980871
6  106.572261389269
3  106.646285878437
4  106.719722111787
2  106.780149807593
5  106.790858347136
6  106.905142542559
3  106.972757116206
4  107.03417409044
2  107.106079648866
5  107.116788188409
6  107.175316908823
3  107.305638269496
4  107.360103931713
2  107.420531627518
5  107.431240167062
6  107.501246750096
3  107.57581263576
4  107.674555910365
2  107.747002865287
5  107.75771140483
6  107.815698728749
3  107.901742477033
4  108.001027148134
2  108.079884018577
5  108.09059255812
6  108.142169966517
3  108.216194455686
4  108.289630689036
2  108.350058384841
5  108.360766924385
6  108.475051119807
3  108.542665693454
4  108.604082667688
2  108.675988226114
5  108.686696765658
6  108.745225486072
3  108.875546846744
4  108.930012508962
2  108.990440204767
5  109.00114874431
6  109.071155327345
3  109.145721213009
4  109.244464487614
2  109.316911442536
5  109.327619982079
6  109.385607305998
3  109.471651054282
4  109.570935725383
2  109.649792595825
5  109.660501135369
6  109.712078543766
3  109.786103032935
4  109.859539266285
2  109.91996696209
5  109.930675501633
6  110.044959697056
3  110.112574270703
4  110.173991244937
2  110.245896803363
5  110.256605342906
6  110.315134063321
3  110.445455423993
4  110.49992108621
2  110.560348782016
5  110.571057321559
6  110.641063904594
3  110.715629790258
4  110.814373064863
2  110.886820019784
5  110.897528559327
6  110.955515883246
3  111.041559631531
4  111.140844302631
2  111.219701173074
5  111.230409712617
6  111.281987121015
3  111.356011610183
4  111.429447843533
2  111.489875539339
5  111.500584078882
6  111.614868274305
3  111.682482847952
4  111.743899822186
2  111.815805380612
5  111.826513920155
6  111.885042640569
3  112.015364001242
4  112.069829663459
2  112.130257359264
5  112.140965898807
6  112.210972481842
3  112.285538367506
4  112.384281642111
2  112.456728597033
5  112.467437136576
6  112.525424460495
3  112.611468208779
4  112.71075287988
2  112.789609750323
5  112.800318289866
6  112.851895698263
3  112.925920187432
4  112.999356420782
2  113.059784116587
5  113.070492656131
6  113.184776851553
3  113.2523914252
4  113.313808399434
2  113.38571395786
5  113.396422497404
6  113.454951217818
3  113.58527257849
4  113.639738240708
2  113.700165936513
5  113.710874476056
6  113.780881059091
3  113.855446944755
4  113.95419021936
2  114.026637174281
5  114.037345713825
6  114.095333037743
3  114.181376786028
4  114.280661457129
2  114.359518327571
5  114.370226867115
6  114.421804275512
3  114.49582876468
4  114.569264998031
2  114.629692693836
5  114.640401233379
6  114.754685428802
3  114.822300002449
4  114.883716976683
2  114.955622535109
5  114.966331074652
6  115.024859795067
3  115.155181155739
4  115.209646817956
2  115.270074513762
5  115.280783053305
6  115.35078963634
3  115.425355522003
4  115.524098796609
2  115.59654575153
5  115.607254291073
6  115.665241614992
3  115.751285363277
4  115.850570034377
2  115.92942690482
5  115.940135444363
6  115.991712852761
3  116.065737341929
4  116.139173575279
2  116.199601271085
5  116.210309810628
6  116.324594006051
3  116.392208579698
4  116.453625553932
2  116.525531112358
5  116.536239651901
6  116.594768372315
3  116.725089732987
4  116.779555395205
2  116.83998309101
5  116.850691630553
6  116.920698213588
3  116.995264099252
4  117.094007373857
2  117.166454328779
5  117.177162868322
6  117.235150192241
3  117.321193940525
4  117.420478611626
2  117.499335482069
5  117.510044021612
6  117.561621430009
3  117.635645919178
4  117.709082152528
2  117.769509848333
5  117.780218387876
6  117.894502583299
3  117.962117156946
4  118.02353413118
2  118.095439689606
5  118.10614822915
6  118.164676949564
3  118.294998310236
4  118.349463972453
2  118.409891668259
5  118.420600207802
6  118.490606790837
3  118.565172676501
4  118.663915951106
2  118.736362906027
5  118.747071445571
6  118.805058769489
3  118.891102517774
4  118.990387188874
2  119.069244059317
5  119.07995259886
6  119.131530007258
3  119.205554496426
4  119.278990729776
2  119.339418425582
5  119.350126965125
6  119.464411160548
3  119.532025734195
4  119.593442708429
2  119.665348266855
5  119.676056806398
6  119.734585526812
3  119.864906887485
4  119.919372549702
2  119.979800245507
5  119.990508785051
6  120.060515368086
3  120.135081253749
4  120.233824528355
2  120.306271483276
5  120.316980022819
6  120.374967346738
3  120.461011095023
4  120.560295766123
2  120.639152636566
5  120.649861176109
6  120.701438584507
3  120.775463073675
4  120.848899307025
2  120.90932700283
5  120.920035542374
6  121.034319737796
3  121.101934311444
4  121.163351285678
2  121.235256844104
5  121.245965383647
6  121.304494104061
3  121.434815464733
4  121.489281126951
2  121.549708822756
5  121.560417362299
6  121.630423945334
3  121.704989830998
4  121.803733105603
2  121.876180060525
5  121.886888600068
6  121.944875923987
3  122.030919672271
4  122.130204343372
2  122.209061213815
5  122.219769753358
6  122.271347161755
3  122.345371650924
4  122.418807884274
2  122.479235580079
5  122.489944119622
6  122.604228315045
3  122.671842888692
4  122.733259862926
2  122.805165421352
5  122.815873960895
6  122.87440268131
3  123.004724041982
4  123.059189704199
2  123.119617400005
5  123.130325939548
6  123.200332522583
3  123.274898408247
4  123.373641682852
2  123.446088637773
5  123.456797177317
6  123.514784501235
3  123.60082824952
4  123.70011292062
2  123.778969791063
5  123.789678330606
6  123.841255739004
3  123.915280228172
4  123.988716461522
2  124.049144157328
5  124.059852696871
6  124.174136892294
3  124.241751465941
4  124.303168440175
2  124.375073998601
5  124.385782538144
6  124.444311258558
3  124.574632619231
4  124.629098281448
2  124.689525977253
5  124.700234516797
6  124.770241099831
3  124.844806985495
4  124.9435502601
2  125.015997215022
5  125.026705754565
6  125.084693078484
3  125.170736826768
4  125.270021497869
2  125.348878368312
5  125.359586907855
6  125.411164316253
3  125.485188805421
4  125.558625038771
2  125.619052734576
5  125.62976127412
6  125.744045469542
3  125.811660043189
4  125.873077017424
2  125.94498257585
5  125.955691115393
6  126.014219835807
3  126.144541196479
4  126.199006858697
2  126.259434554502
5  126.270143094045
6  126.34014967708
3  126.414715562744
4  126.513458837349
2  126.585905792271
5  126.596614331814
6  126.654601655733
3  126.740645404017
4  126.839930075118
2  126.91878694556
5  126.929495485104
6  126.981072893501
3  127.05509738267
4  127.12853361602
2  127.188961311825
5  127.199669851368
6  127.313954046791
3  127.381568620438
4  127.442985594672
2  127.514891153098
5  127.525599692641
6  127.584128413056
3  127.714449773728
4  127.768915435945
2  127.829343131751
5  127.840051671294
6  127.910058254329
3  127.984624139993
4  128.083367414598
2  128.155814369519
5  128.166522909062
6  128.224510232981
3  128.310553981266
4  128.409838652366
2  128.488695522809
5  128.499404062352
6  128.55098147075
3  128.625005959918
4  128.698442193268
2  128.758869889074
5  128.769578428617
6  128.88386262404
3  128.951477197687
4  129.012894171921
2  129.084799730347
5  129.09550826989
6  129.154036990304
3  129.284358350977
4  129.338824013194
2  129.399251708999
5  129.409960248542
6  129.479966831577
3  129.554532717241
4  129.653275991846
2  129.725722946768
5  129.736431486311
6  129.79441881023
3  129.880462558514
4  129.979747229615
2  130.058604100058
5  130.069312639601
6  130.120890047998
3  130.194914537167
4  130.268350770517
2  130.328778466322
5  130.339487005866
6  130.453771201288
3  130.521385774935
4  130.582802749169
2  130.654708307595
5  130.665416847139
6  130.723945567553
3  130.854266928225
4  130.908732590442
2  130.969160286248
5  130.979868825791
6  131.049875408826
3  131.12444129449
4  131.223184569095
2  131.295631524016
5  131.30634006356
6  131.364327387478
3  131.450371135763
4  131.549655806864
2  131.628512677306
5  131.63922121685
6  131.690798625247
3  131.764823114415
4  131.838259347766
2  131.898687043571
5  131.909395583114
6  132.023679778537
3  132.091294352184
4  132.152711326418
2  132.224616884844
5  132.235325424387
6  132.293854144802
3  132.424175505474
4  132.478641167691
2  132.539068863496
5  132.54977740304
6  132.619783986075
3  132.694349871738
4  132.793093146344
2  132.865540101265
5  132.876248640808
6  132.934235964727
3  133.020279713012
4  133.119564384112
2  133.198421254555
5  133.209129794098
6  133.260707202496
3  133.334731691664
4  133.408167925014
2  133.46859562082
5  133.479304160363
6  133.593588355785
3  133.661202929433
4  133.722619903667
2  133.794525462093
5  133.805234001636
6  133.86376272205
3  133.994084082722
4  134.04854974494
2  134.108977440745
5  134.119685980288
6  134.189692563323
3  134.264258448987
4  134.363001723592
2  134.435448678514
5  134.446157218057
6  134.504144541976
3  134.59018829026
4  134.689472961361
2  134.768329831803
5  134.779038371347
6  134.830615779744
3  134.904640268913
4  134.978076502263
2  135.038504198068
5  135.049212737611
6  135.163496933034
3  135.231111506681
4  135.292528480915
2  135.364434039341
5  135.375142578884
6  135.433671299299
3  135.563992659971
4  135.618458322188
2  135.678886017994
5  135.689594557537
6  135.759601140572
3  135.834167026236
4  135.932910300841
2  136.005357255762
5  136.016065795305
6  136.074053119224
3  136.160096867509
4  136.259381538609
2  136.338238409052
5  136.348946948595
6  136.400524356993
3  136.474548846161
4  136.547985079511
2  136.608412775317
5  136.61912131486
6  136.733405510283
3  136.80102008393
4  136.862437058164
2  136.93434261659
5  136.945051156133
6  137.003579876547
3  137.13390123722
4  137.188366899437
2  137.248794595242
5  137.259503134786
6  137.32950971782
3  137.404075603484
4  137.502818878089
2  137.575265833011
5  137.585974372554
6  137.643961696473
3  137.730005444757
4  137.829290115858
2  137.908146986301
5  137.918855525844
6  137.970432934241
3  138.04445742341
4  138.11789365676
2  138.178321352565
5  138.189029892109
6  138.303314087531
3  138.370928661178
4  138.432345635412
2  138.504251193838
5  138.514959733382
6  138.573488453796
3  138.703809814468
4  138.758275476686
2  138.818703172491
5  138.829411712034
6  138.899418295069
3  138.973984180733
4  139.072727455338
2  139.145174410259
5  139.155882949803
6  139.213870273722
3  139.299914022006
4  139.399198693107
2  139.478055563549
5  139.488764103093
6  139.54034151149
3  139.614366000658
4  139.687802234009
2  139.748229929814
5  139.758938469357
6  139.87322266478
3  139.940837238427
4  140.002254212661
2  140.074159771087
5  140.08486831063
6  140.143397031045
3  140.273718391717
4  140.328184053934
2  140.38861174974
5  140.399320289283
6  140.469326872318
3  140.543892757981
4  140.642636032587
2  140.715082987508
5  140.725791527051
6  140.78377885097
3  140.869822599255
4  140.969107270355
2  141.047964140798
5  141.058672680341
6  141.110250088739
3  141.184274577907
4  141.257710811257
2  141.318138507063
5  141.328847046606
6  141.443131242029
3  141.510745815676
4  141.57216278991
2  141.644068348336
5  141.654776887879
6  141.713305608293
3  141.843626968965
4  141.898092631183
2  141.958520326988
5  141.969228866531
6  142.039235449566
3  142.11380133523
4  142.212544609835
2  142.284991564757
5  142.2957001043
6  142.353687428219
3  142.439731176503
4  142.539015847604
2  142.617872718047
5  142.62858125759
6  142.680158665987
3  142.754183155156
4  142.827619388506
2  142.888047084311
5  142.898755623854
6  143.013039819277
3  143.080654392924
4  143.142071367158
2  143.213976925584
5  143.224685465128
6  143.283214185542
3  143.413535546214
4  143.468001208431
2  143.528428904237
5  143.53913744378
6  143.609144026815
3  143.683709912479
4  143.782453187084
2  143.854900142005
5  143.865608681549
6  143.923596005467
3  144.009639753752
4  144.108924424852
2  144.187781295295
5  144.198489834838
6  144.250067243236
3  144.324091732404
4  144.397527965754
2  144.45795566156
5  144.468664201103
6  144.582948396526
3  144.650562970173
4  144.711979944407
2  144.783885502833
5  144.794594042376
6  144.85312276279
3  144.983444123463
4  145.03790978568
2  145.098337481485
5  145.109046021029
6  145.179052604064
3  145.253618489727
4  145.352361764332
2  145.424808719254
5  145.435517258797
6  145.493504582716
3  145.579548331
4  145.678833002101
2  145.757689872544
5  145.768398412087
6  145.819975820485
3  145.894000309653
4  145.967436543003
2  146.027864238808
5  146.038572778352
6  146.152856973774
3  146.220471547421
4  146.281888521656
2  146.353794080082
5  146.364502619625
6  146.423031340039
3  146.553352700711
4  146.607818362929
2  146.668246058734
5  146.678954598277
6  146.748961181312
3  146.823527066976
4  146.922270341581
2  146.994717296503
5  147.005425836046
6  147.063413159965
3  147.149456908249
4  147.24874157935
2  147.327598449792
5  147.338306989336
6  147.389884397733
3  147.463908886902
4  147.537345120252
2  147.597772816057
5  147.6084813556
6  147.722765551023
3  147.79038012467
4  147.851797098904
2  147.92370265733
5  147.934411196873
6  147.992939917288
3  148.12326127796
4  148.177726940177
2  148.238154635983
5  148.248863175526
6  148.318869758561
3  148.393435644225
4  148.49217891883
2  148.564625873751
5  148.575334413294
6  148.633321737213
3  148.719365485498
4  148.818650156598
2  148.897507027041
5  148.908215566584
6  148.959792974982
3  149.03381746415
4  149.1072536975
2  149.167681393306
5  149.178389932849
6  149.292674128272
3  149.360288701919
4  149.421705676153
2  149.493611234579
5  149.504319774122
6  149.562848494536
3  149.693169855209
4  149.747635517426
2  149.808063213231
5  149.818771752774
6  149.888778335809
3  149.963344221473
