   1.0000000e+01   1.0000000e+01   1.0000000e+01   1.6300000e+03
   1.0000000e+01   1.0000000e+01   2.0000000e+01   1.8120000e+03
   1.0000000e+01   1.0000000e+01   3.0000000e+01   2.5400000e+02
   1.0000000e+01   1.0000000e+01   4.0000000e+01   1.8270000e+03
   1.0000000e+01   1.0000000e+01   5.0000000e+01   1.2650000e+03
   1.0000000e+01   1.0000000e+01   6.0000000e+01   1.9600000e+02
   1.0000000e+01   1.0000000e+01   7.0000000e+01   5.5700000e+02
   1.0000000e+01   1.0000000e+01   8.0000000e+01   1.0940000e+03
   1.0000000e+01   1.0000000e+01   9.0000000e+01   1.9160000e+03
   1.0000000e+01   1.0000000e+01   1.0000000e+02   1.9300000e+03
   1.0000000e+01   2.0000000e+01   1.0000000e+01   3.1600000e+02
   1.0000000e+01   2.0000000e+01   2.0000000e+01   1.9420000e+03
   1.0000000e+01   2.0000000e+01   3.0000000e+01   1.9150000e+03
   1.0000000e+01   2.0000000e+01   4.0000000e+01   9.7100000e+02
   1.0000000e+01   2.0000000e+01   5.0000000e+01   1.6010000e+03
   1.0000000e+01   2.0000000e+01   6.0000000e+01   2.8400000e+02
   1.0000000e+01   2.0000000e+01   7.0000000e+01   8.4400000e+02
   1.0000000e+01   2.0000000e+01   8.0000000e+01   1.8320000e+03
   1.0000000e+01   2.0000000e+01   9.0000000e+01   1.5850000e+03
   1.0000000e+01   2.0000000e+01   1.0000000e+02   1.9190000e+04
   1.0000000e+01   3.0000000e+01   1.0000000e+01   1.3120000e+03
   1.0000000e+01   3.0000000e+01   2.0000000e+01   7.2000000e+01
   1.0000000e+01   3.0000000e+01   3.0000000e+01   1.6990000e+03
   1.0000000e+01   3.0000000e+01   4.0000000e+01   1.8680000e+03
   1.0000000e+01   3.0000000e+01   5.0000000e+01   1.3580000e+03
   1.0000000e+01   3.0000000e+01   6.0000000e+01   1.5160000e+03
   1.0000000e+01   3.0000000e+01   7.0000000e+01   1.4870000e+03
   1.0000000e+01   3.0000000e+01   8.0000000e+01   7.8500000e+02
   1.0000000e+01   3.0000000e+01   9.0000000e+01   1.3110000e+03
   1.0000000e+01   3.0000000e+01   1.0000000e+02   3.4300000e+02
   1.0000000e+01   4.0000000e+01   1.0000000e+01   1.4130000e+03
   1.0000000e+01   4.0000000e+01   2.0000000e+01   6.4000000e+01
   1.0000000e+01   4.0000000e+01   3.0000000e+01   5.5400000e+02
   1.0000000e+01   4.0000000e+01   4.0000000e+01   9.3000000e+01
   1.0000000e+01   4.0000000e+01   5.0000000e+01   1.9500000e+02
   1.0000000e+01   4.0000000e+01   6.0000000e+01   1.6470000e+03
   1.0000000e+01   4.0000000e+01   7.0000000e+01   1.3900000e+03
   1.0000000e+01   4.0000000e+01   8.0000000e+01   6.3500000e+02
   1.0000000e+01   4.0000000e+01   9.0000000e+01   1.9010000e+03
   1.0000000e+01   4.0000000e+01   1.0000000e+02   6.9000000e+01
   1.0000000e+01   5.0000000e+01   1.0000000e+01   8.7800000e+02
   1.0000000e+01   5.0000000e+01   2.0000000e+01   7.6400000e+02
   1.0000000e+01   5.0000000e+01   3.0000000e+01   1.5320000e+03
   1.0000000e+01   5.0000000e+01   4.0000000e+01   1.5910000e+03
   1.0000000e+01   5.0000000e+01   5.0000000e+01   3.7400000e+02
   1.0000000e+01   5.0000000e+01   6.0000000e+01   9.8000000e+02
   1.0000000e+01   5.0000000e+01   7.0000000e+01   8.9200000e+02
   1.0000000e+01   5.0000000e+01   8.0000000e+01   1.2930000e+03
   1.0000000e+01   5.0000000e+01   9.0000000e+01   1.4190000e+03
   1.0000000e+01   5.0000000e+01   1.0000000e+02   1.5100000e+03
   1.0000000e+01   6.0000000e+01   1.0000000e+01   5.5300000e+02
   1.0000000e+01   6.0000000e+01   2.0000000e+01   1.3600000e+03
   1.0000000e+01   6.0000000e+01   3.0000000e+01   1.3110000e+03
   1.0000000e+01   6.0000000e+01   4.0000000e+01   3.2600000e+02
   1.0000000e+01   6.0000000e+01   5.0000000e+01   2.3800000e+02
   1.0000000e+01   6.0000000e+01   6.0000000e+01   9.9700000e+02
   1.0000000e+01   6.0000000e+01   7.0000000e+01   1.9200000e+03
   1.0000000e+01   6.0000000e+01   8.0000000e+01   6.8100000e+02
   1.0000000e+01   6.0000000e+01   9.0000000e+01   1.1710000e+03
   1.0000000e+01   6.0000000e+01   1.0000000e+02   4.4800000e+02
   1.0000000e+01   7.0000000e+01   1.0000000e+01   1.5030000e+03
   1.0000000e+01   7.0000000e+01   2.0000000e+01   5.1100000e+02
   1.0000000e+01   7.0000000e+01   3.0000000e+01   1.0120000e+03
   1.0000000e+01   7.0000000e+01   4.0000000e+01   1.3990000e+03
   1.0000000e+01   7.0000000e+01   5.0000000e+01   1.7820000e+03
   1.0000000e+01   7.0000000e+01   6.0000000e+01   1.9190000e+03
   1.0000000e+01   7.0000000e+01   7.0000000e+01   1.0950000e+03
   1.0000000e+01   7.0000000e+01   8.0000000e+01   2.7800000e+02
   1.0000000e+01   7.0000000e+01   9.0000000e+01   2.9900000e+02
   1.0000000e+01   7.0000000e+01   1.0000000e+02   5.1600000e+02
   1.0000000e+01   8.0000000e+01   1.0000000e+01   1.6820000e+03
   1.0000000e+01   8.0000000e+01   2.0000000e+01   5.0900000e+02
   1.0000000e+01   8.0000000e+01   3.0000000e+01   1.6290000e+03
   1.0000000e+01   8.0000000e+01   4.0000000e+01   4.8800000e+02
   1.0000000e+01   8.0000000e+01   5.0000000e+01   1.8590000e+03
   1.0000000e+01   8.0000000e+01   6.0000000e+01   7.0000000e+02
   1.0000000e+01   8.0000000e+01   7.0000000e+01   3.9400000e+02
   1.0000000e+01   8.0000000e+01   8.0000000e+01   5.0300000e+02
   1.0000000e+01   8.0000000e+01   9.0000000e+01   1.2330000e+03
   1.0000000e+01   8.0000000e+01   1.0000000e+02   9.4700000e+02
   1.0000000e+01   9.0000000e+01   1.0000000e+01   7.0400000e+02
   1.0000000e+01   9.0000000e+01   2.0000000e+01   1.6620000e+03
   1.0000000e+01   9.0000000e+01   3.0000000e+01   1.1710000e+03
   1.0000000e+01   9.0000000e+01   4.0000000e+01   1.1000000e+03
   1.0000000e+01   9.0000000e+01   5.0000000e+01   1.8350000e+03
   1.0000000e+01   9.0000000e+01   6.0000000e+01   5.7200000e+02
   1.0000000e+01   9.0000000e+01   7.0000000e+01   1.5150000e+03
   1.0000000e+01   9.0000000e+01   8.0000000e+01   1.5080000e+03
   1.0000000e+01   9.0000000e+01   9.0000000e+01   7.6100000e+02
   1.0000000e+01   9.0000000e+01   1.0000000e+02   1.1360000e+03
   1.0000000e+01   1.0000000e+02   1.0000000e+01   1.5200000e+02
   1.0000000e+01   1.0000000e+02   2.0000000e+01   1.0800000e+02
   1.0000000e+01   1.0000000e+02   3.0000000e+01   1.0620000e+03
   1.0000000e+01   1.0000000e+02   4.0000000e+01   1.5590000e+03
   1.0000000e+01   1.0000000e+02   5.0000000e+01   1.8690000e+03
   1.0000000e+01   1.0000000e+02   6.0000000e+01   2.6000000e+02
   1.0000000e+01   1.0000000e+02   7.0000000e+01   1.1380000e+03
   1.0000000e+01   1.0000000e+02   8.0000000e+01   9.3900000e+02
   1.0000000e+01   1.0000000e+02   9.0000000e+01   2.4000000e+01
   1.0000000e+01   1.0000000e+02   1.0000000e+02   6.7500000e+02
   2.0000000e+01   1.0000000e+01   1.0000000e+01   3.2500000e+02
   2.0000000e+01   1.0000000e+01   2.0000000e+01   1.5890000e+03
   2.0000000e+01   1.0000000e+01   3.0000000e+01   6.2300000e+02
   2.0000000e+01   1.0000000e+01   4.0000000e+01   1.0580000e+03
   2.0000000e+01   1.0000000e+01   5.0000000e+01   3.3200000e+02
   2.0000000e+01   1.0000000e+01   6.0000000e+01   1.2040000e+03
   2.0000000e+01   1.0000000e+01   7.0000000e+01   5.2600000e+02
   2.0000000e+01   1.0000000e+01   8.0000000e+01   1.3090000e+03
   2.0000000e+01   1.0000000e+01   9.0000000e+01   1.3790000e+03
   2.0000000e+01   1.0000000e+01   1.0000000e+02   1.4970000e+03
   2.0000000e+01   2.0000000e+01   1.0000000e+01   9.0200000e+02
   2.0000000e+01   2.0000000e+01   2.0000000e+01   1.6800000e+02
   2.0000000e+01   2.0000000e+01   3.0000000e+01   4.5800000e+02
   2.0000000e+01   2.0000000e+01   4.0000000e+01   1.8270000e+03
   2.0000000e+01   2.0000000e+01   5.0000000e+01   3.0500000e+02
   2.0000000e+01   2.0000000e+01   6.0000000e+01   1.6520000e+03
   2.0000000e+01   2.0000000e+01   7.0000000e+01   1.0770000e+03
   2.0000000e+01   2.0000000e+01   8.0000000e+01   1.9930000e+03
   2.0000000e+01   2.0000000e+01   9.0000000e+01   1.5700000e+02
   2.0000000e+01   2.0000000e+01   1.0000000e+02   8.8600000e+02
   2.0000000e+01   3.0000000e+01   1.0000000e+01   2.1400000e+02
   2.0000000e+01   3.0000000e+01   2.0000000e+01   1.9240000e+03
   2.0000000e+01   3.0000000e+01   3.0000000e+01   1.0000000e+01
   2.0000000e+01   3.0000000e+01   4.0000000e+01   1.5500000e+03
   2.0000000e+01   3.0000000e+01   5.0000000e+01   1.6350000e+03
   2.0000000e+01   3.0000000e+01   6.0000000e+01   1.7380000e+03
   2.0000000e+01   3.0000000e+01   7.0000000e+01   1.6900000e+02
   2.0000000e+01   3.0000000e+01   8.0000000e+01   8.0000000e+02
   2.0000000e+01   3.0000000e+01   9.0000000e+01   5.2000000e+02
   2.0000000e+01   3.0000000e+01   1.0000000e+02   1.6010000e+03
   2.0000000e+01   4.0000000e+01   1.0000000e+01   8.6300000e+02
   2.0000000e+01   4.0000000e+01   2.0000000e+01   1.8220000e+03
   2.0000000e+01   4.0000000e+01   3.0000000e+01   3.6400000e+02
   2.0000000e+01   4.0000000e+01   4.0000000e+01   5.2800000e+02
   2.0000000e+01   4.0000000e+01   5.0000000e+01   2.9200000e+02
   2.0000000e+01   4.0000000e+01   6.0000000e+01   2.7300000e+02
   2.0000000e+01   4.0000000e+01   7.0000000e+01   1.7390000e+03
   2.0000000e+01   4.0000000e+01   8.0000000e+01   1.1600000e+03
   2.0000000e+01   4.0000000e+01   9.0000000e+01   1.1000000e+03
   2.0000000e+01   4.0000000e+01   1.0000000e+02   2.9000000e+02
   2.0000000e+01   5.0000000e+01   1.0000000e+01   1.7070000e+03
   2.0000000e+01   5.0000000e+01   2.0000000e+01   1.2450000e+03
   2.0000000e+01   5.0000000e+01   3.0000000e+01   7.0200000e+02
   2.0000000e+01   5.0000000e+01   4.0000000e+01   1.0270000e+03
   2.0000000e+01   5.0000000e+01   5.0000000e+01   8.0400000e+02
   2.0000000e+01   5.0000000e+01   6.0000000e+01   1.5200000e+02
   2.0000000e+01   5.0000000e+01   7.0000000e+01   4.8000000e+02
   2.0000000e+01   5.0000000e+01   8.0000000e+01   2.4700000e+02
   2.0000000e+01   5.0000000e+01   9.0000000e+01   3.6800000e+02
   2.0000000e+01   5.0000000e+01   1.0000000e+02   4.8000000e+02
   2.0000000e+01   6.0000000e+01   1.0000000e+01   8.3500000e+02
   2.0000000e+01   6.0000000e+01   2.0000000e+01   1.0000000e+02
   2.0000000e+01   6.0000000e+01   3.0000000e+01   1.8060000e+03
   2.0000000e+01   6.0000000e+01   4.0000000e+01   1.8900000e+03
   2.0000000e+01   6.0000000e+01   5.0000000e+01   9.8200000e+02
   2.0000000e+01   6.0000000e+01   6.0000000e+01   9.7900000e+02
   2.0000000e+01   6.0000000e+01   7.0000000e+01   6.7600000e+02
   2.0000000e+01   6.0000000e+01   8.0000000e+01   1.8010000e+03
   2.0000000e+01   6.0000000e+01   9.0000000e+01   7.3900000e+02
   2.0000000e+01   6.0000000e+01   1.0000000e+02   2.2300000e+02
   2.0000000e+01   7.0000000e+01   1.0000000e+01   1.5610000e+03
   2.0000000e+01   7.0000000e+01   2.0000000e+01   7.8000000e+02
   2.0000000e+01   7.0000000e+01   3.0000000e+01   4.8400000e+02
   2.0000000e+01   7.0000000e+01   4.0000000e+01   8.0800000e+02
   2.0000000e+01   7.0000000e+01   5.0000000e+01   1.9300000e+02
   2.0000000e+01   7.0000000e+01   6.0000000e+01   2.6400000e+02
   2.0000000e+01   7.0000000e+01   7.0000000e+01   1.8850000e+03
   2.0000000e+01   7.0000000e+01   8.0000000e+01   1.9130000e+03
   2.0000000e+01   7.0000000e+01   9.0000000e+01   1.1510000e+03
   2.0000000e+01   7.0000000e+01   1.0000000e+02   1.2000000e+02
   2.0000000e+01   8.0000000e+01   1.0000000e+01   4.7000000e+02
   2.0000000e+01   8.0000000e+01   2.0000000e+01   7.0700000e+02
   2.0000000e+01   8.0000000e+01   3.0000000e+01   1.6430000e+03
   2.0000000e+01   8.0000000e+01   4.0000000e+01   3.1000000e+01
   2.0000000e+01   8.0000000e+01   5.0000000e+01   8.7000000e+01
   2.0000000e+01   8.0000000e+01   6.0000000e+01   3.3800000e+02
   2.0000000e+01   8.0000000e+01   7.0000000e+01   1.2990000e+03
   2.0000000e+01   8.0000000e+01   8.0000000e+01   1.4640000e+03
   2.0000000e+01   8.0000000e+01   9.0000000e+01   1.2960000e+03
   2.0000000e+01   8.0000000e+01   1.0000000e+02   9.0200000e+02
   2.0000000e+01   9.0000000e+01   1.0000000e+01   1.0950000e+03
   2.0000000e+01   9.0000000e+01   2.0000000e+01   5.9300000e+02
   2.0000000e+01   9.0000000e+01   3.0000000e+01   1.4900000e+03
   2.0000000e+01   9.0000000e+01   4.0000000e+01   3.7800000e+02
   2.0000000e+01   9.0000000e+01   5.0000000e+01   1.3740000e+03
   2.0000000e+01   9.0000000e+01   6.0000000e+01   3.6800000e+02
   2.0000000e+01   9.0000000e+01   7.0000000e+01   7.3700000e+02
   2.0000000e+01   9.0000000e+01   8.0000000e+01   1.2520000e+03
   2.0000000e+01   9.0000000e+01   9.0000000e+01   1.5610000e+03
   2.0000000e+01   9.0000000e+01   1.0000000e+02   1.6300000e+02
   2.0000000e+01   1.0000000e+02   1.0000000e+01   1.8590000e+03
   2.0000000e+01   1.0000000e+02   2.0000000e+01   1.5520000e+03
   2.0000000e+01   1.0000000e+02   3.0000000e+01   9.7400000e+02
   2.0000000e+01   1.0000000e+02   4.0000000e+01   8.7200000e+02
   2.0000000e+01   1.0000000e+02   5.0000000e+01   8.9400000e+02
   2.0000000e+01   1.0000000e+02   6.0000000e+01   6.1300000e+02
   2.0000000e+01   1.0000000e+02   7.0000000e+01   1.0180000e+03
   2.0000000e+01   1.0000000e+02   8.0000000e+01   1.0220000e+03
   2.0000000e+01   1.0000000e+02   9.0000000e+01   1.6360000e+03
   2.0000000e+01   1.0000000e+02   1.0000000e+02   1.5900000e+03
   3.0000000e+01   1.0000000e+01   1.0000000e+01   1.2890000e+03
   3.0000000e+01   1.0000000e+01   2.0000000e+01   7.5800000e+02
   3.0000000e+01   1.0000000e+01   3.0000000e+01   1.6240000e+03
   3.0000000e+01   1.0000000e+01   4.0000000e+01   1.0660000e+03
   3.0000000e+01   1.0000000e+01   5.0000000e+01   7.0200000e+02
   3.0000000e+01   1.0000000e+01   6.0000000e+01   1.8790000e+03
   3.0000000e+01   1.0000000e+01   7.0000000e+01   1.7520000e+03
   3.0000000e+01   1.0000000e+01   8.0000000e+01   1.1010000e+03
   3.0000000e+01   1.0000000e+01   9.0000000e+01   1.2450000e+03
   3.0000000e+01   1.0000000e+01   1.0000000e+02   1.1750000e+03
   3.0000000e+01   2.0000000e+01   1.0000000e+01   4.1600000e+02
   3.0000000e+01   2.0000000e+01   2.0000000e+01   6.0300000e+02
   3.0000000e+01   2.0000000e+01   3.0000000e+01   9.4200000e+02
   3.0000000e+01   2.0000000e+01   4.0000000e+01   4.6100000e+02
   3.0000000e+01   2.0000000e+01   5.0000000e+01   1.6890000e+03
   3.0000000e+01   2.0000000e+01   6.0000000e+01   3.9000000e+02
   3.0000000e+01   2.0000000e+01   7.0000000e+01   4.5200000e+02
   3.0000000e+01   2.0000000e+01   8.0000000e+01   3.4200000e+02
   3.0000000e+01   2.0000000e+01   9.0000000e+01   4.5600000e+02
   3.0000000e+01   2.0000000e+01   1.0000000e+02   8.7200000e+02
   3.0000000e+01   3.0000000e+01   1.0000000e+01   6.2300000e+02
   3.0000000e+01   3.0000000e+01   2.0000000e+01   1.8470000e+03
   3.0000000e+01   3.0000000e+01   3.0000000e+01   8.6100000e+02
   3.0000000e+01   3.0000000e+01   4.0000000e+01   3.7000000e+02
   3.0000000e+01   3.0000000e+01   5.0000000e+01   1.8100000e+03
   3.0000000e+01   3.0000000e+01   6.0000000e+01   1.9600000e+03
   3.0000000e+01   3.0000000e+01   7.0000000e+01   8.7800000e+02
   3.0000000e+01   3.0000000e+01   8.0000000e+01   2.2300000e+02
   3.0000000e+01   3.0000000e+01   9.0000000e+01   5.1700000e+02
   3.0000000e+01   3.0000000e+01   1.0000000e+02   8.1800000e+02
   3.0000000e+01   4.0000000e+01   1.0000000e+01   1.1900000e+03
   3.0000000e+01   4.0000000e+01   2.0000000e+01   5.2500000e+02
   3.0000000e+01   4.0000000e+01   3.0000000e+01   1.2060000e+03
   3.0000000e+01   4.0000000e+01   4.0000000e+01   1.4230000e+03
   3.0000000e+01   4.0000000e+01   5.0000000e+01   4.4400000e+02
   3.0000000e+01   4.0000000e+01   6.0000000e+01   2.3500000e+02
   3.0000000e+01   4.0000000e+01   7.0000000e+01   5.9400000e+02
   3.0000000e+01   4.0000000e+01   8.0000000e+01   6.3800000e+02
   3.0000000e+01   4.0000000e+01   9.0000000e+01   8.4900000e+02
   3.0000000e+01   4.0000000e+01   1.0000000e+02   1.0160000e+03
   3.0000000e+01   5.0000000e+01   1.0000000e+01   1.7200000e+02
   3.0000000e+01   5.0000000e+01   2.0000000e+01   5.2500000e+02
   3.0000000e+01   5.0000000e+01   3.0000000e+01   1.6030000e+03
   3.0000000e+01   5.0000000e+01   4.0000000e+01   5.9000000e+01
   3.0000000e+01   5.0000000e+01   5.0000000e+01   1.8580000e+03
   3.0000000e+01   5.0000000e+01   6.0000000e+01   1.4610000e+03
   3.0000000e+01   5.0000000e+01   7.0000000e+01   9.7800000e+02
   3.0000000e+01   5.0000000e+01   8.0000000e+01   1.1580000e+03
   3.0000000e+01   5.0000000e+01   9.0000000e+01   4.7500000e+02
   3.0000000e+01   5.0000000e+01   1.0000000e+02   9.1800000e+02
   3.0000000e+01   6.0000000e+01   1.0000000e+01   1.9270000e+03
   3.0000000e+01   6.0000000e+01   2.0000000e+01   1.0940000e+03
   3.0000000e+01   6.0000000e+01   3.0000000e+01   1.0430000e+03
   3.0000000e+01   6.0000000e+01   4.0000000e+01   4.6400000e+02
   3.0000000e+01   6.0000000e+01   5.0000000e+01   9.7800000e+02
   3.0000000e+01   6.0000000e+01   6.0000000e+01   1.2490000e+03
   3.0000000e+01   6.0000000e+01   7.0000000e+01   1.3590000e+03
   3.0000000e+01   6.0000000e+01   8.0000000e+01   7.9200000e+02
   3.0000000e+01   6.0000000e+01   9.0000000e+01   7.3500000e+02
   3.0000000e+01   6.0000000e+01   1.0000000e+02   1.9760000e+03
   3.0000000e+01   7.0000000e+01   1.0000000e+01   7.6000000e+01
   3.0000000e+01   7.0000000e+01   2.0000000e+01   1.7710000e+03
   3.0000000e+01   7.0000000e+01   3.0000000e+01   1.8270000e+03
   3.0000000e+01   7.0000000e+01   4.0000000e+01   1.5930000e+03
   3.0000000e+01   7.0000000e+01   5.0000000e+01   1.9800000e+02
   3.0000000e+01   7.0000000e+01   6.0000000e+01   5.2400000e+02
   3.0000000e+01   7.0000000e+01   7.0000000e+01   6.7100000e+02
   3.0000000e+01   7.0000000e+01   8.0000000e+01   1.3600000e+03
   3.0000000e+01   7.0000000e+01   9.0000000e+01   2.7400000e+02
   3.0000000e+01   7.0000000e+01   1.0000000e+02   1.4430000e+03
   3.0000000e+01   8.0000000e+01   1.0000000e+01   2.1400000e+02
   3.0000000e+01   8.0000000e+01   2.0000000e+01   1.3080000e+03
   3.0000000e+01   8.0000000e+01   3.0000000e+01   9.8900000e+02
   3.0000000e+01   8.0000000e+01   4.0000000e+01   1.5590000e+03
   3.0000000e+01   8.0000000e+01   5.0000000e+01   1.4310000e+03
   3.0000000e+01   8.0000000e+01   6.0000000e+01   1.8080000e+03
   3.0000000e+01   8.0000000e+01   7.0000000e+01   1.7820000e+03
   3.0000000e+01   8.0000000e+01   8.0000000e+01   6.6900000e+02
   3.0000000e+01   8.0000000e+01   9.0000000e+01   1.3980000e+03
   3.0000000e+01   8.0000000e+01   1.0000000e+02   3.9600000e+02
   3.0000000e+01   9.0000000e+01   1.0000000e+01   6.2000000e+01
   3.0000000e+01   9.0000000e+01   2.0000000e+01   1.4890000e+03
   3.0000000e+01   9.0000000e+01   3.0000000e+01   1.0010000e+03
   3.0000000e+01   9.0000000e+01   4.0000000e+01   9.6000000e+02
   3.0000000e+01   9.0000000e+01   5.0000000e+01   1.8100000e+03
   3.0000000e+01   9.0000000e+01   6.0000000e+01   1.2200000e+03
   3.0000000e+01   9.0000000e+01   7.0000000e+01   1.2360000e+03
   3.0000000e+01   9.0000000e+01   8.0000000e+01   1.7190000e+03
   3.0000000e+01   9.0000000e+01   9.0000000e+01   1.6110000e+03
   3.0000000e+01   9.0000000e+01   1.0000000e+02   1.1540000e+03
   3.0000000e+01   1.0000000e+02   1.0000000e+01   3.6600000e+02
   3.0000000e+01   1.0000000e+02   2.0000000e+01   4.8000000e+02
   3.0000000e+01   1.0000000e+02   3.0000000e+01   1.7740000e+03
   3.0000000e+01   1.0000000e+02   4.0000000e+01   5.8000000e+01
   3.0000000e+01   1.0000000e+02   5.0000000e+01   9.8000000e+02
   3.0000000e+01   1.0000000e+02   6.0000000e+01   3.3600000e+02
   3.0000000e+01   1.0000000e+02   7.0000000e+01   1.9580000e+03
   3.0000000e+01   1.0000000e+02   8.0000000e+01   1.4260000e+03
   3.0000000e+01   1.0000000e+02   9.0000000e+01   1.0010000e+03
   3.0000000e+01   1.0000000e+02   1.0000000e+02   9.4300000e+02
   4.0000000e+01   1.0000000e+01   1.0000000e+01   1.2000000e+02
   4.0000000e+01   1.0000000e+01   2.0000000e+01   1.3640000e+03
   4.0000000e+01   1.0000000e+01   3.0000000e+01   8.5000000e+01
   4.0000000e+01   1.0000000e+01   4.0000000e+01   1.4300000e+02
   4.0000000e+01   1.0000000e+01   5.0000000e+01   1.0440000e+03
   4.0000000e+01   1.0000000e+01   6.0000000e+01   1.9400000e+02
   4.0000000e+01   1.0000000e+01   7.0000000e+01   1.6370000e+03
   4.0000000e+01   1.0000000e+01   8.0000000e+01   1.6360000e+03
   4.0000000e+01   1.0000000e+01   9.0000000e+01   1.4450000e+03
   4.0000000e+01   1.0000000e+01   1.0000000e+02   3.0000000e+02
   4.0000000e+01   2.0000000e+01   1.0000000e+01   1.3200000e+03
   4.0000000e+01   2.0000000e+01   2.0000000e+01   1.0380000e+03
   4.0000000e+01   2.0000000e+01   3.0000000e+01   1.9460000e+03
   4.0000000e+01   2.0000000e+01   4.0000000e+01   1.2980000e+03
   4.0000000e+01   2.0000000e+01   5.0000000e+01   1.6010000e+03
   4.0000000e+01   2.0000000e+01   6.0000000e+01   9.0800000e+02
   4.0000000e+01   2.0000000e+01   7.0000000e+01   8.6500000e+02
   4.0000000e+01   2.0000000e+01   8.0000000e+01   1.6510000e+03
   4.0000000e+01   2.0000000e+01   9.0000000e+01   1.6700000e+02
   4.0000000e+01   2.0000000e+01   1.0000000e+02   2.6700000e+02
   4.0000000e+01   3.0000000e+01   1.0000000e+01   3.4700000e+02
   4.0000000e+01   3.0000000e+01   2.0000000e+01   7.8200000e+02
   4.0000000e+01   3.0000000e+01   3.0000000e+01   1.6630000e+03
   4.0000000e+01   3.0000000e+01   4.0000000e+01   1.6070000e+03
   4.0000000e+01   3.0000000e+01   5.0000000e+01   1.2100000e+02
   4.0000000e+01   3.0000000e+01   6.0000000e+01   7.9900000e+02
   4.0000000e+01   3.0000000e+01   7.0000000e+01   1.0540000e+03
   4.0000000e+01   3.0000000e+01   8.0000000e+01   8.3400000e+02
   4.0000000e+01   3.0000000e+01   9.0000000e+01   1.3140000e+03
   4.0000000e+01   3.0000000e+01   1.0000000e+02   1.2560000e+03
   4.0000000e+01   4.0000000e+01   1.0000000e+01   5.8400000e+02
   4.0000000e+01   4.0000000e+01   2.0000000e+01   8.6400000e+02
   4.0000000e+01   4.0000000e+01   3.0000000e+01   3.1000000e+01
   4.0000000e+01   4.0000000e+01   4.0000000e+01   1.9690000e+03
   4.0000000e+01   4.0000000e+01   5.0000000e+01   3.3500000e+02
   4.0000000e+01   4.0000000e+01   6.0000000e+01   2.1300000e+02
   4.0000000e+01   4.0000000e+01   7.0000000e+01   7.4500000e+02
   4.0000000e+01   4.0000000e+01   8.0000000e+01   3.9700000e+02
   4.0000000e+01   4.0000000e+01   9.0000000e+01   9.8000000e+02
   4.0000000e+01   4.0000000e+01   1.0000000e+02   6.7900000e+02
   4.0000000e+01   5.0000000e+01   1.0000000e+01   1.9040000e+03
   4.0000000e+01   5.0000000e+01   2.0000000e+01   1.8410000e+03
   4.0000000e+01   5.0000000e+01   3.0000000e+01   1.0600000e+02
   4.0000000e+01   5.0000000e+01   4.0000000e+01   1.4760000e+03
   4.0000000e+01   5.0000000e+01   5.0000000e+01   5.3900000e+02
   4.0000000e+01   5.0000000e+01   6.0000000e+01   8.4600000e+02
   4.0000000e+01   5.0000000e+01   7.0000000e+01   1.0960000e+03
   4.0000000e+01   5.0000000e+01   8.0000000e+01   1.8860000e+03
   4.0000000e+01   5.0000000e+01   9.0000000e+01   8.3600000e+02
   4.0000000e+01   5.0000000e+01   1.0000000e+02   1.9670000e+03
   4.0000000e+01   6.0000000e+01   1.0000000e+01   6.0300000e+02
   4.0000000e+01   6.0000000e+01   2.0000000e+01   1.4030000e+03
   4.0000000e+01   6.0000000e+01   3.0000000e+01   1.3330000e+03
   4.0000000e+01   6.0000000e+01   4.0000000e+01   1.0790000e+03
   4.0000000e+01   6.0000000e+01   5.0000000e+01   1.3970000e+03
   4.0000000e+01   6.0000000e+01   6.0000000e+01   1.3340000e+03
   4.0000000e+01   6.0000000e+01   7.0000000e+01   3.5700000e+02
   4.0000000e+01   6.0000000e+01   8.0000000e+01   2.5700000e+02
   4.0000000e+01   6.0000000e+01   9.0000000e+01   1.9990000e+03
   4.0000000e+01   6.0000000e+01   1.0000000e+02   3.4300000e+02
   4.0000000e+01   7.0000000e+01   1.0000000e+01   6.6000000e+01
   4.0000000e+01   7.0000000e+01   2.0000000e+01   1.1230000e+03
   4.0000000e+01   7.0000000e+01   3.0000000e+01   1.7640000e+03
   4.0000000e+01   7.0000000e+01   4.0000000e+01   1.3390000e+03
   4.0000000e+01   7.0000000e+01   5.0000000e+01   3.8100000e+02
   4.0000000e+01   7.0000000e+01   6.0000000e+01   7.3800000e+02
   4.0000000e+01   7.0000000e+01   7.0000000e+01   9.2200000e+02
   4.0000000e+01   7.0000000e+01   8.0000000e+01   1.9640000e+03
   4.0000000e+01   7.0000000e+01   9.0000000e+01   3.1300000e+02
   4.0000000e+01   7.0000000e+01   1.0000000e+02   1.7120000e+03
   4.0000000e+01   8.0000000e+01   1.0000000e+01   1.2900000e+03
   4.0000000e+01   8.0000000e+01   2.0000000e+01   7.5300000e+02
   4.0000000e+01   8.0000000e+01   3.0000000e+01   3.8200000e+02
   4.0000000e+01   8.0000000e+01   4.0000000e+01   8.5700000e+02
   4.0000000e+01   8.0000000e+01   5.0000000e+01   9.6500000e+02
   4.0000000e+01   8.0000000e+01   6.0000000e+01   2.4200000e+02
   4.0000000e+01   8.0000000e+01   7.0000000e+01   1.1800000e+03
   4.0000000e+01   8.0000000e+01   8.0000000e+01   4.5300000e+02
   4.0000000e+01   8.0000000e+01   9.0000000e+01   7.7000000e+02
   4.0000000e+01   8.0000000e+01   1.0000000e+02   1.1660000e+03
   4.0000000e+01   9.0000000e+01   1.0000000e+01   5.0400000e+02
   4.0000000e+01   9.0000000e+01   2.0000000e+01   5.8100000e+02
   4.0000000e+01   9.0000000e+01   3.0000000e+01   1.2350000e+03
   4.0000000e+01   9.0000000e+01   4.0000000e+01   5.3100000e+02
   4.0000000e+01   9.0000000e+01   5.0000000e+01   1.6490000e+03
   4.0000000e+01   9.0000000e+01   6.0000000e+01   1.9660000e+03
   4.0000000e+01   9.0000000e+01   7.0000000e+01   1.4610000e+03
   4.0000000e+01   9.0000000e+01   8.0000000e+01   6.8800000e+02
   4.0000000e+01   9.0000000e+01   9.0000000e+01   1.1690000e+03
   4.0000000e+01   9.0000000e+01   1.0000000e+02   2.1600000e+02
   4.0000000e+01   1.0000000e+02   1.0000000e+01   1.8130000e+03
   4.0000000e+01   1.0000000e+02   2.0000000e+01   1.7600000e+03
   4.0000000e+01   1.0000000e+02   3.0000000e+01   1.6360000e+03
   4.0000000e+01   1.0000000e+02   4.0000000e+01   5.2200000e+02
   4.0000000e+01   1.0000000e+02   5.0000000e+01   1.1890000e+03
   4.0000000e+01   1.0000000e+02   6.0000000e+01   4.6000000e+01
   4.0000000e+01   1.0000000e+02   7.0000000e+01   8.5100000e+02
   4.0000000e+01   1.0000000e+02   8.0000000e+01   6.2600000e+02
   4.0000000e+01   1.0000000e+02   9.0000000e+01   3.2300000e+02
   4.0000000e+01   1.0000000e+02   1.0000000e+02   3.5800000e+02
   5.0000000e+01   1.0000000e+01   1.0000000e+01   8.4600000e+02
   5.0000000e+01   1.0000000e+01   2.0000000e+01   1.8900000e+02
   5.0000000e+01   1.0000000e+01   3.0000000e+01   1.1980000e+03
   5.0000000e+01   1.0000000e+01   4.0000000e+01   9.4200000e+02
   5.0000000e+01   1.0000000e+01   5.0000000e+01   1.3920000e+03
   5.0000000e+01   1.0000000e+01   6.0000000e+01   1.4000000e+03
   5.0000000e+01   1.0000000e+01   7.0000000e+01   1.2780000e+03
   5.0000000e+01   1.0000000e+01   8.0000000e+01   6.8000000e+01
   5.0000000e+01   1.0000000e+01   9.0000000e+01   1.3800000e+02
   5.0000000e+01   1.0000000e+01   1.0000000e+02   6.4000000e+02
   5.0000000e+01   2.0000000e+01   1.0000000e+01   1.0620000e+03
   5.0000000e+01   2.0000000e+01   2.0000000e+01   1.3090000e+03
   5.0000000e+01   2.0000000e+01   3.0000000e+01   8.1600000e+02
   5.0000000e+01   2.0000000e+01   4.0000000e+01   1.6400000e+03
   5.0000000e+01   2.0000000e+01   5.0000000e+01   1.4370000e+03
   5.0000000e+01   2.0000000e+01   6.0000000e+01   1.9380000e+03
   5.0000000e+01   2.0000000e+01   7.0000000e+01   1.0630000e+03
   5.0000000e+01   2.0000000e+01   8.0000000e+01   6.5100000e+02
   5.0000000e+01   2.0000000e+01   9.0000000e+01   2.1200000e+02
   5.0000000e+01   2.0000000e+01   1.0000000e+02   1.2220000e+03
   5.0000000e+01   3.0000000e+01   1.0000000e+01   1.5580000e+03
   5.0000000e+01   3.0000000e+01   2.0000000e+01   8.4700000e+02
   5.0000000e+01   3.0000000e+01   3.0000000e+01   1.8200000e+02
   5.0000000e+01   3.0000000e+01   4.0000000e+01   5.3300000e+02
   5.0000000e+01   3.0000000e+01   5.0000000e+01   3.0800000e+02
   5.0000000e+01   3.0000000e+01   6.0000000e+01   5.6300000e+02
   5.0000000e+01   3.0000000e+01   7.0000000e+01   8.8100000e+02
   5.0000000e+01   3.0000000e+01   8.0000000e+01   1.0550000e+03
   5.0000000e+01   3.0000000e+01   9.0000000e+01   9.1500000e+02
   5.0000000e+01   3.0000000e+01   1.0000000e+02   1.7510000e+03
   5.0000000e+01   4.0000000e+01   1.0000000e+01   1.0370000e+03
   5.0000000e+01   4.0000000e+01   2.0000000e+01   1.8880000e+03
   5.0000000e+01   4.0000000e+01   3.0000000e+01   1.2760000e+03
   5.0000000e+01   4.0000000e+01   4.0000000e+01   1.9160000e+03
   5.0000000e+01   4.0000000e+01   5.0000000e+01   4.8200000e+02
   5.0000000e+01   4.0000000e+01   6.0000000e+01   1.3530000e+03
   5.0000000e+01   4.0000000e+01   7.0000000e+01   5.7900000e+02
   5.0000000e+01   4.0000000e+01   8.0000000e+01   1.3440000e+03
   5.0000000e+01   4.0000000e+01   9.0000000e+01   1.3910000e+03
   5.0000000e+01   4.0000000e+01   1.0000000e+02   1.3600000e+02
   5.0000000e+01   5.0000000e+01   1.0000000e+01   5.1000000e+02
   5.0000000e+01   5.0000000e+01   2.0000000e+01   4.4900000e+02
   5.0000000e+01   5.0000000e+01   3.0000000e+01   1.3360000e+03
   5.0000000e+01   5.0000000e+01   4.0000000e+01   1.6890000e+03
   5.0000000e+01   5.0000000e+01   5.0000000e+01   6.8900000e+02
   5.0000000e+01   5.0000000e+01   6.0000000e+01   1.5620000e+03
   5.0000000e+01   5.0000000e+01   7.0000000e+01   1.3510000e+03
   5.0000000e+01   5.0000000e+01   8.0000000e+01   1.4000000e+01
   5.0000000e+01   5.0000000e+01   9.0000000e+01   1.2050000e+03
   5.0000000e+01   5.0000000e+01   1.0000000e+02   7.7400000e+02
   5.0000000e+01   6.0000000e+01   1.0000000e+01   1.8320000e+03
   5.0000000e+01   6.0000000e+01   2.0000000e+01   3.0000000e+00
   5.0000000e+01   6.0000000e+01   3.0000000e+01   9.2500000e+02
   5.0000000e+01   6.0000000e+01   4.0000000e+01   8.4900000e+02
   5.0000000e+01   6.0000000e+01   5.0000000e+01   9.2200000e+02
   5.0000000e+01   6.0000000e+01   6.0000000e+01   1.5410000e+03
   5.0000000e+01   6.0000000e+01   7.0000000e+01   6.4500000e+02
   5.0000000e+01   6.0000000e+01   8.0000000e+01   1.5700000e+03
   5.0000000e+01   6.0000000e+01   9.0000000e+01   9.4300000e+02
   5.0000000e+01   6.0000000e+01   1.0000000e+02   7.2000000e+01
   5.0000000e+01   7.0000000e+01   1.0000000e+01   3.5200000e+02
   5.0000000e+01   7.0000000e+01   2.0000000e+01   1.4440000e+03
   5.0000000e+01   7.0000000e+01   3.0000000e+01   9.4700000e+02
   5.0000000e+01   7.0000000e+01   4.0000000e+01   3.0600000e+02
   5.0000000e+01   7.0000000e+01   5.0000000e+01   6.8300000e+02
   5.0000000e+01   7.0000000e+01   6.0000000e+01   1.2150000e+03
   5.0000000e+01   7.0000000e+01   7.0000000e+01   3.8400000e+02
   5.0000000e+01   7.0000000e+01   8.0000000e+01   1.4770000e+03
   5.0000000e+01   7.0000000e+01   9.0000000e+01   4.8600000e+02
   5.0000000e+01   7.0000000e+01   1.0000000e+02   1.8350000e+03
   5.0000000e+01   8.0000000e+01   1.0000000e+01   5.3900000e+02
   5.0000000e+01   8.0000000e+01   2.0000000e+01   1.5320000e+03
   5.0000000e+01   8.0000000e+01   3.0000000e+01   3.7800000e+02
   5.0000000e+01   8.0000000e+01   4.0000000e+01   5.7500000e+02
   5.0000000e+01   8.0000000e+01   5.0000000e+01   1.8300000e+02
   5.0000000e+01   8.0000000e+01   6.0000000e+01   1.1530000e+03
   5.0000000e+01   8.0000000e+01   7.0000000e+01   1.3670000e+03
   5.0000000e+01   8.0000000e+01   8.0000000e+01   1.0940000e+03
   5.0000000e+01   8.0000000e+01   9.0000000e+01   8.5200000e+02
   5.0000000e+01   8.0000000e+01   1.0000000e+02   1.2890000e+03
   5.0000000e+01   9.0000000e+01   1.0000000e+01   1.2960000e+03
   5.0000000e+01   9.0000000e+01   2.0000000e+01   1.3590000e+03
   5.0000000e+01   9.0000000e+01   3.0000000e+01   1.2720000e+03
   5.0000000e+01   9.0000000e+01   4.0000000e+01   1.8910000e+03
   5.0000000e+01   9.0000000e+01   5.0000000e+01   4.1800000e+02
   5.0000000e+01   9.0000000e+01   6.0000000e+01   1.4190000e+03
   5.0000000e+01   9.0000000e+01   7.0000000e+01   4.7300000e+02
   5.0000000e+01   9.0000000e+01   8.0000000e+01   2.3900000e+02
   5.0000000e+01   9.0000000e+01   9.0000000e+01   1.2150000e+03
   5.0000000e+01   9.0000000e+01   1.0000000e+02   9.0100000e+02
   5.0000000e+01   1.0000000e+02   1.0000000e+01   9.1800000e+02
   5.0000000e+01   1.0000000e+02   2.0000000e+01   1.3240000e+03
   5.0000000e+01   1.0000000e+02   3.0000000e+01   1.5410000e+03
   5.0000000e+01   1.0000000e+02   4.0000000e+01   7.0100000e+02
   5.0000000e+01   1.0000000e+02   5.0000000e+01   1.3250000e+03
   5.0000000e+01   1.0000000e+02   6.0000000e+01   8.3300000e+02
   5.0000000e+01   1.0000000e+02   7.0000000e+01   1.6840000e+03
   5.0000000e+01   1.0000000e+02   8.0000000e+01   1.6660000e+03
   5.0000000e+01   1.0000000e+02   9.0000000e+01   5.1300000e+02
   5.0000000e+01   1.0000000e+02   1.0000000e+02   1.2270000e+03
   6.0000000e+01   1.0000000e+01   1.0000000e+01   1.1650000e+03
   6.0000000e+01   1.0000000e+01   2.0000000e+01   1.0820000e+03
   6.0000000e+01   1.0000000e+01   3.0000000e+01   1.7400000e+03
   6.0000000e+01   1.0000000e+01   4.0000000e+01   5.3000000e+02
   6.0000000e+01   1.0000000e+01   5.0000000e+01   6.3700000e+02
   6.0000000e+01   1.0000000e+01   6.0000000e+01   2.3900000e+02
   6.0000000e+01   1.0000000e+01   7.0000000e+01   1.8800000e+03
   6.0000000e+01   1.0000000e+01   8.0000000e+01   1.2920000e+03
   6.0000000e+01   1.0000000e+01   9.0000000e+01   9.5900000e+02
   6.0000000e+01   1.0000000e+01   1.0000000e+02   1.2790000e+03
   6.0000000e+01   2.0000000e+01   1.0000000e+01   1.0900000e+03
   6.0000000e+01   2.0000000e+01   2.0000000e+01   1.2950000e+03
   6.0000000e+01   2.0000000e+01   3.0000000e+01   1.0880000e+03
   6.0000000e+01   2.0000000e+01   4.0000000e+01   1.4430000e+03
   6.0000000e+01   2.0000000e+01   5.0000000e+01   1.0450000e+03
   6.0000000e+01   2.0000000e+01   6.0000000e+01   1.9880000e+03
   6.0000000e+01   2.0000000e+01   7.0000000e+01   4.3800000e+02
   6.0000000e+01   2.0000000e+01   8.0000000e+01   2.1200000e+02
   6.0000000e+01   2.0000000e+01   9.0000000e+01   2.2000000e+02
   6.0000000e+01   2.0000000e+01   1.0000000e+02   1.2800000e+02
   6.0000000e+01   3.0000000e+01   1.0000000e+01   8.1000000e+02
   6.0000000e+01   3.0000000e+01   2.0000000e+01   8.9700000e+02
   6.0000000e+01   3.0000000e+01   3.0000000e+01   7.3200000e+02
   6.0000000e+01   3.0000000e+01   4.0000000e+01   1.5280000e+03
   6.0000000e+01   3.0000000e+01   5.0000000e+01   1.2560000e+03
   6.0000000e+01   3.0000000e+01   6.0000000e+01   1.5440000e+03
   6.0000000e+01   3.0000000e+01   7.0000000e+01   1.8660000e+03
   6.0000000e+01   3.0000000e+01   8.0000000e+01   1.9460000e+03
   6.0000000e+01   3.0000000e+01   9.0000000e+01   3.8500000e+02
   6.0000000e+01   3.0000000e+01   1.0000000e+02   2.7800000e+02
   6.0000000e+01   4.0000000e+01   1.0000000e+01   1.3930000e+03
   6.0000000e+01   4.0000000e+01   2.0000000e+01   1.8800000e+02
   6.0000000e+01   4.0000000e+01   3.0000000e+01   1.0510000e+03
   6.0000000e+01   4.0000000e+01   4.0000000e+01   1.0610000e+03
   6.0000000e+01   4.0000000e+01   5.0000000e+01   1.7230000e+03
   6.0000000e+01   4.0000000e+01   6.0000000e+01   9.7000000e+02
   6.0000000e+01   4.0000000e+01   7.0000000e+01   7.8700000e+02
   6.0000000e+01   4.0000000e+01   8.0000000e+01   1.3430000e+03
   6.0000000e+01   4.0000000e+01   9.0000000e+01   1.4830000e+03
   6.0000000e+01   4.0000000e+01   1.0000000e+02   1.0410000e+03
   6.0000000e+01   5.0000000e+01   1.0000000e+01   6.9600000e+02
   6.0000000e+01   5.0000000e+01   2.0000000e+01   3.0000000e+02
   6.0000000e+01   5.0000000e+01   3.0000000e+01   1.1730000e+03
   6.0000000e+01   5.0000000e+01   4.0000000e+01   5.2500000e+02
   6.0000000e+01   5.0000000e+01   5.0000000e+01   8.9000000e+01
   6.0000000e+01   5.0000000e+01   6.0000000e+01   1.5100000e+03
   6.0000000e+01   5.0000000e+01   7.0000000e+01   4.8600000e+02
   6.0000000e+01   5.0000000e+01   8.0000000e+01   8.8500000e+02
   6.0000000e+01   5.0000000e+01   9.0000000e+01   1.3760000e+03
   6.0000000e+01   5.0000000e+01   1.0000000e+02   7.1900000e+02
   6.0000000e+01   6.0000000e+01   1.0000000e+01   1.4730000e+03
   6.0000000e+01   6.0000000e+01   2.0000000e+01   7.9000000e+02
   6.0000000e+01   6.0000000e+01   3.0000000e+01   1.3670000e+03
   6.0000000e+01   6.0000000e+01   4.0000000e+01   1.4090000e+03
   6.0000000e+01   6.0000000e+01   5.0000000e+01   8.8500000e+02
   6.0000000e+01   6.0000000e+01   6.0000000e+01   4.0000000e+01
   6.0000000e+01   6.0000000e+01   7.0000000e+01   6.6200000e+02
   6.0000000e+01   6.0000000e+01   8.0000000e+01   8.4900000e+02
   6.0000000e+01   6.0000000e+01   9.0000000e+01   5.4100000e+02
   6.0000000e+01   6.0000000e+01   1.0000000e+02   3.9500000e+02
   6.0000000e+01   7.0000000e+01   1.0000000e+01   1.6440000e+03
   6.0000000e+01   7.0000000e+01   2.0000000e+01   8.6000000e+02
   6.0000000e+01   7.0000000e+01   3.0000000e+01   1.7760000e+03
   6.0000000e+01   7.0000000e+01   4.0000000e+01   7.8300000e+02
   6.0000000e+01   7.0000000e+01   5.0000000e+01   1.5390000e+03
   6.0000000e+01   7.0000000e+01   6.0000000e+01   7.9400000e+02
   6.0000000e+01   7.0000000e+01   7.0000000e+01   1.6180000e+03
   6.0000000e+01   7.0000000e+01   8.0000000e+01   1.5110000e+03
   6.0000000e+01   7.0000000e+01   9.0000000e+01   7.5500000e+02
   6.0000000e+01   7.0000000e+01   1.0000000e+02   4.3300000e+02
   6.0000000e+01   8.0000000e+01   1.0000000e+01   1.5810000e+03
   6.0000000e+01   8.0000000e+01   2.0000000e+01   1.8990000e+03
   6.0000000e+01   8.0000000e+01   3.0000000e+01   6.5600000e+02
   6.0000000e+01   8.0000000e+01   4.0000000e+01   1.3430000e+03
   6.0000000e+01   8.0000000e+01   5.0000000e+01   8.7800000e+02
   6.0000000e+01   8.0000000e+01   6.0000000e+01   1.6680000e+03
   6.0000000e+01   8.0000000e+01   7.0000000e+01   1.5380000e+03
   6.0000000e+01   8.0000000e+01   8.0000000e+01   3.3500000e+02
   6.0000000e+01   8.0000000e+01   9.0000000e+01   1.7240000e+03
   6.0000000e+01   8.0000000e+01   1.0000000e+02   1.9800000e+03
   6.0000000e+01   9.0000000e+01   1.0000000e+01   1.0290000e+03
   6.0000000e+01   9.0000000e+01   2.0000000e+01   1.7690000e+03
   6.0000000e+01   9.0000000e+01   3.0000000e+01   1.1770000e+03
   6.0000000e+01   9.0000000e+01   4.0000000e+01   3.1000000e+02
   6.0000000e+01   9.0000000e+01   5.0000000e+01   4.0000000e+02
   6.0000000e+01   9.0000000e+01   6.0000000e+01   8.1400000e+02
   6.0000000e+01   9.0000000e+01   7.0000000e+01   1.4980000e+03
   6.0000000e+01   9.0000000e+01   8.0000000e+01   1.6520000e+03
   6.0000000e+01   9.0000000e+01   9.0000000e+01   1.5800000e+03
   6.0000000e+01   9.0000000e+01   1.0000000e+02   6.3800000e+02
   6.0000000e+01   1.0000000e+02   1.0000000e+01   1.0690000e+03
   6.0000000e+01   1.0000000e+02   2.0000000e+01   1.8000000e+02
   6.0000000e+01   1.0000000e+02   3.0000000e+01   2.2400000e+02
   6.0000000e+01   1.0000000e+02   4.0000000e+01   2.7300000e+02
   6.0000000e+01   1.0000000e+02   5.0000000e+01   1.3580000e+03
   6.0000000e+01   1.0000000e+02   6.0000000e+01   9.9100000e+02
   6.0000000e+01   1.0000000e+02   7.0000000e+01   3.8000000e+02
   6.0000000e+01   1.0000000e+02   8.0000000e+01   9.9100000e+02
   6.0000000e+01   1.0000000e+02   9.0000000e+01   2.9600000e+02
   6.0000000e+01   1.0000000e+02   1.0000000e+02   1.1000000e+02
   7.0000000e+01   1.0000000e+01   1.0000000e+01   1.7020000e+03
   7.0000000e+01   1.0000000e+01   2.0000000e+01   1.1220000e+03
   7.0000000e+01   1.0000000e+01   3.0000000e+01   1.8600000e+03
   7.0000000e+01   1.0000000e+01   4.0000000e+01   1.3940000e+03
   7.0000000e+01   1.0000000e+01   5.0000000e+01   1.1660000e+03
   7.0000000e+01   1.0000000e+01   6.0000000e+01   1.6310000e+03
   7.0000000e+01   1.0000000e+01   7.0000000e+01   1.7590000e+03
   7.0000000e+01   1.0000000e+01   8.0000000e+01   1.9780000e+03
   7.0000000e+01   1.0000000e+01   9.0000000e+01   2.0000000e+00
   7.0000000e+01   1.0000000e+01   1.0000000e+02   1.7310000e+03
   7.0000000e+01   2.0000000e+01   1.0000000e+01   1.2260000e+03
   7.0000000e+01   2.0000000e+01   2.0000000e+01   1.9800000e+03
   7.0000000e+01   2.0000000e+01   3.0000000e+01   1.0560000e+03
   7.0000000e+01   2.0000000e+01   4.0000000e+01   9.6000000e+02
   7.0000000e+01   2.0000000e+01   5.0000000e+01   1.6030000e+03
   7.0000000e+01   2.0000000e+01   6.0000000e+01   4.5600000e+02
   7.0000000e+01   2.0000000e+01   7.0000000e+01   9.9700000e+02
   7.0000000e+01   2.0000000e+01   8.0000000e+01   1.8020000e+03
   7.0000000e+01   2.0000000e+01   9.0000000e+01   1.1500000e+03
   7.0000000e+01   2.0000000e+01   1.0000000e+02   1.6910000e+03
   7.0000000e+01   3.0000000e+01   1.0000000e+01   1.4780000e+03
   7.0000000e+01   3.0000000e+01   2.0000000e+01   1.1720000e+03
   7.0000000e+01   3.0000000e+01   3.0000000e+01   4.9400000e+02
   7.0000000e+01   3.0000000e+01   4.0000000e+01   1.3330000e+03
   7.0000000e+01   3.0000000e+01   5.0000000e+01   1.6700000e+02
   7.0000000e+01   3.0000000e+01   6.0000000e+01   1.2520000e+03
   7.0000000e+01   3.0000000e+01   7.0000000e+01   1.3220000e+03
   7.0000000e+01   3.0000000e+01   8.0000000e+01   1.4600000e+03
   7.0000000e+01   3.0000000e+01   9.0000000e+01   1.7820000e+03
   7.0000000e+01   3.0000000e+01   1.0000000e+02   1.9650000e+03
   7.0000000e+01   4.0000000e+01   1.0000000e+01   1.5390000e+03
   7.0000000e+01   4.0000000e+01   2.0000000e+01   1.1630000e+03
   7.0000000e+01   4.0000000e+01   3.0000000e+01   1.8570000e+03
   7.0000000e+01   4.0000000e+01   4.0000000e+01   1.1610000e+03
   7.0000000e+01   4.0000000e+01   5.0000000e+01   3.4000000e+01
   7.0000000e+01   4.0000000e+01   6.0000000e+01   2.4200000e+02
   7.0000000e+01   4.0000000e+01   7.0000000e+01   1.7260000e+03
   7.0000000e+01   4.0000000e+01   8.0000000e+01   9.6900000e+02
   7.0000000e+01   4.0000000e+01   9.0000000e+01   1.6900000e+03
   7.0000000e+01   4.0000000e+01   1.0000000e+02   4.1900000e+02
   7.0000000e+01   5.0000000e+01   1.0000000e+01   1.1050000e+03
   7.0000000e+01   5.0000000e+01   2.0000000e+01   1.2600000e+03
   7.0000000e+01   5.0000000e+01   3.0000000e+01   6.4000000e+01
   7.0000000e+01   5.0000000e+01   4.0000000e+01   1.2300000e+03
   7.0000000e+01   5.0000000e+01   5.0000000e+01   7.2500000e+02
   7.0000000e+01   5.0000000e+01   6.0000000e+01   1.0000000e+02
   7.0000000e+01   5.0000000e+01   7.0000000e+01   9.8000000e+02
   7.0000000e+01   5.0000000e+01   8.0000000e+01   3.8600000e+02
   7.0000000e+01   5.0000000e+01   9.0000000e+01   2.4700000e+02
   7.0000000e+01   5.0000000e+01   1.0000000e+02   4.1100000e+02
   7.0000000e+01   6.0000000e+01   1.0000000e+01   2.9400000e+02
   7.0000000e+01   6.0000000e+01   2.0000000e+01   3.7900000e+02
   7.0000000e+01   6.0000000e+01   3.0000000e+01   8.6000000e+01
   7.0000000e+01   6.0000000e+01   4.0000000e+01   1.2710000e+03
   7.0000000e+01   6.0000000e+01   5.0000000e+01   5.6400000e+02
   7.0000000e+01   6.0000000e+01   6.0000000e+01   1.0780000e+03
   7.0000000e+01   6.0000000e+01   7.0000000e+01   1.3910000e+03
   7.0000000e+01   6.0000000e+01   8.0000000e+01   9.9900000e+02
   7.0000000e+01   6.0000000e+01   9.0000000e+01   1.0720000e+03
   7.0000000e+01   6.0000000e+01   1.0000000e+02   8.9100000e+02
   7.0000000e+01   7.0000000e+01   1.0000000e+01   2.4800000e+02
   7.0000000e+01   7.0000000e+01   2.0000000e+01   9.8100000e+02
   7.0000000e+01   7.0000000e+01   3.0000000e+01   1.7060000e+03
   7.0000000e+01   7.0000000e+01   4.0000000e+01   1.7480000e+03
   7.0000000e+01   7.0000000e+01   5.0000000e+01   5.4100000e+02
   7.0000000e+01   7.0000000e+01   6.0000000e+01   4.1700000e+02
   7.0000000e+01   7.0000000e+01   7.0000000e+01   1.1300000e+03
   7.0000000e+01   7.0000000e+01   8.0000000e+01   1.2810000e+03
   7.0000000e+01   7.0000000e+01   9.0000000e+01   8.3500000e+02
   7.0000000e+01   7.0000000e+01   1.0000000e+02   4.1200000e+02
   7.0000000e+01   8.0000000e+01   1.0000000e+01   1.8960000e+03
   7.0000000e+01   8.0000000e+01   2.0000000e+01   1.6500000e+02
   7.0000000e+01   8.0000000e+01   3.0000000e+01   2.1200000e+02
   7.0000000e+01   8.0000000e+01   4.0000000e+01   2.8500000e+02
   7.0000000e+01   8.0000000e+01   5.0000000e+01   3.3300000e+02
   7.0000000e+01   8.0000000e+01   6.0000000e+01   1.2420000e+03
   7.0000000e+01   8.0000000e+01   7.0000000e+01   1.1480000e+03
   7.0000000e+01   8.0000000e+01   8.0000000e+01   1.0500000e+02
   7.0000000e+01   8.0000000e+01   9.0000000e+01   1.8630000e+03
   7.0000000e+01   8.0000000e+01   1.0000000e+02   1.4580000e+03
   7.0000000e+01   9.0000000e+01   1.0000000e+01   1.4760000e+03
   7.0000000e+01   9.0000000e+01   2.0000000e+01   1.2700000e+02
   7.0000000e+01   9.0000000e+01   3.0000000e+01   1.7210000e+03
   7.0000000e+01   9.0000000e+01   4.0000000e+01   1.8690000e+03
   7.0000000e+01   9.0000000e+01   5.0000000e+01   1.9690000e+03
   7.0000000e+01   9.0000000e+01   6.0000000e+01   1.7180000e+03
   7.0000000e+01   9.0000000e+01   7.0000000e+01   1.5720000e+03
   7.0000000e+01   9.0000000e+01   8.0000000e+01   1.0270000e+03
   7.0000000e+01   9.0000000e+01   9.0000000e+01   3.5600000e+02
   7.0000000e+01   9.0000000e+01   1.0000000e+02   7.9800000e+02
   7.0000000e+01   1.0000000e+02   1.0000000e+01   2.6800000e+02
   7.0000000e+01   1.0000000e+02   2.0000000e+01   6.2000000e+01
   7.0000000e+01   1.0000000e+02   3.0000000e+01   1.8790000e+03
   7.0000000e+01   1.0000000e+02   4.0000000e+01   6.0300000e+02
   7.0000000e+01   1.0000000e+02   5.0000000e+01   5.9200000e+02
   7.0000000e+01   1.0000000e+02   6.0000000e+01   6.6600000e+02
   7.0000000e+01   1.0000000e+02   7.0000000e+01   9.3500000e+02
   7.0000000e+01   1.0000000e+02   8.0000000e+01   1.2970000e+03
   7.0000000e+01   1.0000000e+02   9.0000000e+01   5.1000000e+01
   7.0000000e+01   1.0000000e+02   1.0000000e+02   1.6850000e+03
   8.0000000e+01   1.0000000e+01   1.0000000e+01   1.1190000e+03
   8.0000000e+01   1.0000000e+01   2.0000000e+01   1.7090000e+03
   8.0000000e+01   1.0000000e+01   3.0000000e+01   6.9600000e+02
   8.0000000e+01   1.0000000e+01   4.0000000e+01   8.9300000e+02
   8.0000000e+01   1.0000000e+01   5.0000000e+01   1.0900000e+02
   8.0000000e+01   1.0000000e+01   6.0000000e+01   3.5500000e+02
   8.0000000e+01   1.0000000e+01   7.0000000e+01   1.3260000e+03
   8.0000000e+01   1.0000000e+01   8.0000000e+01   6.6200000e+02
   8.0000000e+01   1.0000000e+01   9.0000000e+01   1.7970000e+03
   8.0000000e+01   1.0000000e+01   1.0000000e+02   2.3700000e+02
   8.0000000e+01   2.0000000e+01   1.0000000e+01   1.9770000e+03
   8.0000000e+01   2.0000000e+01   2.0000000e+01   1.0800000e+03
   8.0000000e+01   2.0000000e+01   3.0000000e+01   1.4140000e+03
   8.0000000e+01   2.0000000e+01   4.0000000e+01   1.9990000e+03
   8.0000000e+01   2.0000000e+01   5.0000000e+01   5.7600000e+02
   8.0000000e+01   2.0000000e+01   6.0000000e+01   8.3000000e+02
   8.0000000e+01   2.0000000e+01   7.0000000e+01   9.3000000e+02
   8.0000000e+01   2.0000000e+01   8.0000000e+01   1.5280000e+03
   8.0000000e+01   2.0000000e+01   9.0000000e+01   1.6370000e+03
   8.0000000e+01   2.0000000e+01   1.0000000e+02   2.0100000e+02
   8.0000000e+01   3.0000000e+01   1.0000000e+01   3.5700000e+02
   8.0000000e+01   3.0000000e+01   2.0000000e+01   7.2000000e+02
   8.0000000e+01   3.0000000e+01   3.0000000e+01   1.1400000e+02
   8.0000000e+01   3.0000000e+01   4.0000000e+01   1.0440000e+03
   8.0000000e+01   3.0000000e+01   5.0000000e+01   6.7200000e+02
   8.0000000e+01   3.0000000e+01   6.0000000e+01   3.5200000e+02
   8.0000000e+01   3.0000000e+01   7.0000000e+01   4.1800000e+02
   8.0000000e+01   3.0000000e+01   8.0000000e+01   1.8110000e+03
   8.0000000e+01   3.0000000e+01   9.0000000e+01   1.3510000e+03
   8.0000000e+01   3.0000000e+01   1.0000000e+02   9.3700000e+02
   8.0000000e+01   4.0000000e+01   1.0000000e+01   1.8250000e+03
   8.0000000e+01   4.0000000e+01   2.0000000e+01   2.0900000e+02
   8.0000000e+01   4.0000000e+01   3.0000000e+01   1.4920000e+03
   8.0000000e+01   4.0000000e+01   4.0000000e+01   1.4730000e+03
   8.0000000e+01   4.0000000e+01   5.0000000e+01   1.1240000e+03
   8.0000000e+01   4.0000000e+01   6.0000000e+01   3.6900000e+02
   8.0000000e+01   4.0000000e+01   7.0000000e+01   1.1950000e+03
   8.0000000e+01   4.0000000e+01   8.0000000e+01   6.0000000e+02
   8.0000000e+01   4.0000000e+01   9.0000000e+01   2.6900000e+02
   8.0000000e+01   4.0000000e+01   1.0000000e+02   4.2600000e+02
   8.0000000e+01   5.0000000e+01   1.0000000e+01   1.7900000e+03
   8.0000000e+01   5.0000000e+01   2.0000000e+01   1.4300000e+02
   8.0000000e+01   5.0000000e+01   3.0000000e+01   4.8500000e+02
   8.0000000e+01   5.0000000e+01   4.0000000e+01   1.0800000e+02
   8.0000000e+01   5.0000000e+01   5.0000000e+01   8.8400000e+02
   8.0000000e+01   5.0000000e+01   6.0000000e+01   2.7000000e+01
   8.0000000e+01   5.0000000e+01   7.0000000e+01   1.7950000e+03
   8.0000000e+01   5.0000000e+01   8.0000000e+01   3.9400000e+02
   8.0000000e+01   5.0000000e+01   9.0000000e+01   1.8700000e+02
   8.0000000e+01   5.0000000e+01   1.0000000e+02   6.1500000e+02
   8.0000000e+01   6.0000000e+01   1.0000000e+01   9.1300000e+02
   8.0000000e+01   6.0000000e+01   2.0000000e+01   2.0400000e+02
   8.0000000e+01   6.0000000e+01   3.0000000e+01   1.9910000e+03
   8.0000000e+01   6.0000000e+01   4.0000000e+01   6.6500000e+02
   8.0000000e+01   6.0000000e+01   5.0000000e+01   5.9500000e+02
   8.0000000e+01   6.0000000e+01   6.0000000e+01   1.2500000e+02
   8.0000000e+01   6.0000000e+01   7.0000000e+01   5.9700000e+02
   8.0000000e+01   6.0000000e+01   8.0000000e+01   9.3000000e+01
   8.0000000e+01   6.0000000e+01   9.0000000e+01   1.0110000e+03
   8.0000000e+01   6.0000000e+01   1.0000000e+02   1.5230000e+03
   8.0000000e+01   7.0000000e+01   1.0000000e+01   1.2630000e+03
   8.0000000e+01   7.0000000e+01   2.0000000e+01   1.8000000e+02
   8.0000000e+01   7.0000000e+01   3.0000000e+01   1.6200000e+02
   8.0000000e+01   7.0000000e+01   4.0000000e+01   1.5550000e+03
   8.0000000e+01   7.0000000e+01   5.0000000e+01   1.8110000e+03
   8.0000000e+01   7.0000000e+01   6.0000000e+01   1.0680000e+03
   8.0000000e+01   7.0000000e+01   7.0000000e+01   2.1900000e+02
   8.0000000e+01   7.0000000e+01   8.0000000e+01   1.6520000e+03
   8.0000000e+01   7.0000000e+01   9.0000000e+01   6.7700000e+02
   8.0000000e+01   7.0000000e+01   1.0000000e+02   5.8800000e+02
   8.0000000e+01   8.0000000e+01   1.0000000e+01   1.4930000e+03
   8.0000000e+01   8.0000000e+01   2.0000000e+01   2.1000000e+01
   8.0000000e+01   8.0000000e+01   3.0000000e+01   9.7000000e+01
   8.0000000e+01   8.0000000e+01   4.0000000e+01   1.3360000e+03
   8.0000000e+01   8.0000000e+01   5.0000000e+01   1.2070000e+03
   8.0000000e+01   8.0000000e+01   6.0000000e+01   1.0530000e+03
   8.0000000e+01   8.0000000e+01   7.0000000e+01   1.4600000e+03
   8.0000000e+01   8.0000000e+01   8.0000000e+01   1.4150000e+03
   8.0000000e+01   8.0000000e+01   9.0000000e+01   1.5630000e+03
   8.0000000e+01   8.0000000e+01   1.0000000e+02   5.7600000e+02
   8.0000000e+01   9.0000000e+01   1.0000000e+01   1.3860000e+03
   8.0000000e+01   9.0000000e+01   2.0000000e+01   1.1140000e+03
   8.0000000e+01   9.0000000e+01   3.0000000e+01   7.9400000e+02
   8.0000000e+01   9.0000000e+01   4.0000000e+01   1.2400000e+02
   8.0000000e+01   9.0000000e+01   5.0000000e+01   1.5610000e+03
   8.0000000e+01   9.0000000e+01   6.0000000e+01   6.7600000e+02
   8.0000000e+01   9.0000000e+01   7.0000000e+01   1.2160000e+03
   8.0000000e+01   9.0000000e+01   8.0000000e+01   1.4830000e+03
   8.0000000e+01   9.0000000e+01   9.0000000e+01   2.1000000e+02
   8.0000000e+01   9.0000000e+01   1.0000000e+02   2.5600000e+02
   8.0000000e+01   1.0000000e+02   1.0000000e+01   1.1000000e+03
   8.0000000e+01   1.0000000e+02   2.0000000e+01   9.7100000e+02
   8.0000000e+01   1.0000000e+02   3.0000000e+01   1.7810000e+03
   8.0000000e+01   1.0000000e+02   4.0000000e+01   1.5980000e+03
   8.0000000e+01   1.0000000e+02   5.0000000e+01   1.4690000e+03
   8.0000000e+01   1.0000000e+02   6.0000000e+01   1.0300000e+02
   8.0000000e+01   1.0000000e+02   7.0000000e+01   1.4600000e+02
   8.0000000e+01   1.0000000e+02   8.0000000e+01   1.7800000e+02
   8.0000000e+01   1.0000000e+02   9.0000000e+01   1.5970000e+03
   8.0000000e+01   1.0000000e+02   1.0000000e+02   1.8870000e+03
   9.0000000e+01   1.0000000e+01   1.0000000e+01   1.3680000e+03
   9.0000000e+01   1.0000000e+01   2.0000000e+01   2.6500000e+02
   9.0000000e+01   1.0000000e+01   3.0000000e+01   1.4460000e+03
   9.0000000e+01   1.0000000e+01   4.0000000e+01   2.2100000e+02
   9.0000000e+01   1.0000000e+01   5.0000000e+01   2.3500000e+02
   9.0000000e+01   1.0000000e+01   6.0000000e+01   1.2820000e+03
   9.0000000e+01   1.0000000e+01   7.0000000e+01   6.5800000e+02
   9.0000000e+01   1.0000000e+01   8.0000000e+01   1.3080000e+03
   9.0000000e+01   1.0000000e+01   9.0000000e+01   1.4990000e+03
   9.0000000e+01   1.0000000e+01   1.0000000e+02   1.1670000e+03
   9.0000000e+01   2.0000000e+01   1.0000000e+01   1.4810000e+03
   9.0000000e+01   2.0000000e+01   2.0000000e+01   4.7000000e+02
   9.0000000e+01   2.0000000e+01   3.0000000e+01   1.4700000e+03
   9.0000000e+01   2.0000000e+01   4.0000000e+01   1.9420000e+03
   9.0000000e+01   2.0000000e+01   5.0000000e+01   1.7340000e+03
   9.0000000e+01   2.0000000e+01   6.0000000e+01   1.7300000e+02
   9.0000000e+01   2.0000000e+01   7.0000000e+01   7.3300000e+02
   9.0000000e+01   2.0000000e+01   8.0000000e+01   7.3900000e+02
   9.0000000e+01   2.0000000e+01   9.0000000e+01   1.3710000e+03
   9.0000000e+01   2.0000000e+01   1.0000000e+02   1.1960000e+03
   9.0000000e+01   3.0000000e+01   1.0000000e+01   1.5790000e+03
   9.0000000e+01   3.0000000e+01   2.0000000e+01   7.3600000e+02
   9.0000000e+01   3.0000000e+01   3.0000000e+01   4.1300000e+02
   9.0000000e+01   3.0000000e+01   4.0000000e+01   1.7400000e+02
   9.0000000e+01   3.0000000e+01   5.0000000e+01   1.5440000e+03
   9.0000000e+01   3.0000000e+01   6.0000000e+01   4.1200000e+02
   9.0000000e+01   3.0000000e+01   7.0000000e+01   7.7700000e+02
   9.0000000e+01   3.0000000e+01   8.0000000e+01   1.1040000e+03
   9.0000000e+01   3.0000000e+01   9.0000000e+01   4.5800000e+02
   9.0000000e+01   3.0000000e+01   1.0000000e+02   1.2840000e+03
   9.0000000e+01   4.0000000e+01   1.0000000e+01   9.6900000e+02
   9.0000000e+01   4.0000000e+01   2.0000000e+01   3.0400000e+02
   9.0000000e+01   4.0000000e+01   3.0000000e+01   1.5640000e+03
   9.0000000e+01   4.0000000e+01   4.0000000e+01   2.0200000e+02
   9.0000000e+01   4.0000000e+01   5.0000000e+01   5.8900000e+02
   9.0000000e+01   4.0000000e+01   6.0000000e+01   4.7500000e+02
   9.0000000e+01   4.0000000e+01   7.0000000e+01   1.0620000e+03
   9.0000000e+01   4.0000000e+01   8.0000000e+01   1.8300000e+02
   9.0000000e+01   4.0000000e+01   9.0000000e+01   8.1100000e+02
   9.0000000e+01   4.0000000e+01   1.0000000e+02   2.1000000e+02
   9.0000000e+01   5.0000000e+01   1.0000000e+01   2.2500000e+02
   9.0000000e+01   5.0000000e+01   2.0000000e+01   1.5690000e+03
   9.0000000e+01   5.0000000e+01   3.0000000e+01   5.8400000e+02
   9.0000000e+01   5.0000000e+01   4.0000000e+01   1.2080000e+03
   9.0000000e+01   5.0000000e+01   5.0000000e+01   1.9290000e+03
   9.0000000e+01   5.0000000e+01   6.0000000e+01   8.6500000e+02
   9.0000000e+01   5.0000000e+01   7.0000000e+01   1.3900000e+03
   9.0000000e+01   5.0000000e+01   8.0000000e+01   1.5170000e+03
   9.0000000e+01   5.0000000e+01   9.0000000e+01   8.6600000e+02
   9.0000000e+01   5.0000000e+01   1.0000000e+02   1.3110000e+03
   9.0000000e+01   6.0000000e+01   1.0000000e+01   2.2000000e+02
   9.0000000e+01   6.0000000e+01   2.0000000e+01   1.8680000e+03
   9.0000000e+01   6.0000000e+01   3.0000000e+01   3.7500000e+02
   9.0000000e+01   6.0000000e+01   4.0000000e+01   5.3300000e+02
   9.0000000e+01   6.0000000e+01   5.0000000e+01   1.5960000e+03
   9.0000000e+01   6.0000000e+01   6.0000000e+01   9.7600000e+02
   9.0000000e+01   6.0000000e+01   7.0000000e+01   1.5380000e+03
   9.0000000e+01   6.0000000e+01   8.0000000e+01   7.9300000e+02
   9.0000000e+01   6.0000000e+01   9.0000000e+01   5.4600000e+02
   9.0000000e+01   6.0000000e+01   1.0000000e+02   7.5000000e+01
   9.0000000e+01   7.0000000e+01   1.0000000e+01   1.3470000e+03
   9.0000000e+01   7.0000000e+01   2.0000000e+01   8.6000000e+02
   9.0000000e+01   7.0000000e+01   3.0000000e+01   9.0400000e+02
   9.0000000e+01   7.0000000e+01   4.0000000e+01   1.2200000e+03
   9.0000000e+01   7.0000000e+01   5.0000000e+01   1.1900000e+02
   9.0000000e+01   7.0000000e+01   6.0000000e+01   6.3200000e+02
   9.0000000e+01   7.0000000e+01   7.0000000e+01   1.5460000e+03
   9.0000000e+01   7.0000000e+01   8.0000000e+01   1.3930000e+03
   9.0000000e+01   7.0000000e+01   9.0000000e+01   2.5100000e+02
   9.0000000e+01   7.0000000e+01   1.0000000e+02   2.6100000e+02
   9.0000000e+01   8.0000000e+01   1.0000000e+01   1.8500000e+02
   9.0000000e+01   8.0000000e+01   2.0000000e+01   1.6000000e+01
   9.0000000e+01   8.0000000e+01   3.0000000e+01   8.4700000e+02
   9.0000000e+01   8.0000000e+01   4.0000000e+01   1.3120000e+03
   9.0000000e+01   8.0000000e+01   5.0000000e+01   1.4460000e+03
   9.0000000e+01   8.0000000e+01   6.0000000e+01   1.0630000e+03
   9.0000000e+01   8.0000000e+01   7.0000000e+01   2.1800000e+02
   9.0000000e+01   8.0000000e+01   8.0000000e+01   1.2640000e+03
   9.0000000e+01   8.0000000e+01   9.0000000e+01   2.5300000e+02
   9.0000000e+01   8.0000000e+01   1.0000000e+02   2.6900000e+02
   9.0000000e+01   9.0000000e+01   1.0000000e+01   1.9800000e+02
   9.0000000e+01   9.0000000e+01   2.0000000e+01   2.8500000e+02
   9.0000000e+01   9.0000000e+01   3.0000000e+01   3.3700000e+02
   9.0000000e+01   9.0000000e+01   4.0000000e+01   3.9300000e+02
   9.0000000e+01   9.0000000e+01   5.0000000e+01   6.3500000e+02
   9.0000000e+01   9.0000000e+01   6.0000000e+01   6.3300000e+02
   9.0000000e+01   9.0000000e+01   7.0000000e+01   4.3600000e+02
   9.0000000e+01   9.0000000e+01   8.0000000e+01   5.0300000e+02
   9.0000000e+01   9.0000000e+01   9.0000000e+01   1.7860000e+03
   9.0000000e+01   9.0000000e+01   1.0000000e+02   1.4070000e+03
   9.0000000e+01   1.0000000e+02   1.0000000e+01   1.1120000e+03
   9.0000000e+01   1.0000000e+02   2.0000000e+01   3.6900000e+02
   9.0000000e+01   1.0000000e+02   3.0000000e+01   4.2500000e+02
   9.0000000e+01   1.0000000e+02   4.0000000e+01   1.5500000e+02
   9.0000000e+01   1.0000000e+02   5.0000000e+01   1.8280000e+03
   9.0000000e+01   1.0000000e+02   6.0000000e+01   1.4140000e+03
   9.0000000e+01   1.0000000e+02   7.0000000e+01   1.1160000e+03
   9.0000000e+01   1.0000000e+02   8.0000000e+01   6.2700000e+02
   9.0000000e+01   1.0000000e+02   9.0000000e+01   3.3300000e+02
   9.0000000e+01   1.0000000e+02   1.0000000e+02   1.2450000e+03
   1.0000000e+02   1.0000000e+01   1.0000000e+01   1.9760000e+03
   1.0000000e+02   1.0000000e+01   2.0000000e+01   3.4100000e+02
   1.0000000e+02   1.0000000e+01   3.0000000e+01   5.1600000e+02
   1.0000000e+02   1.0000000e+01   4.0000000e+01   7.9400000e+02
   1.0000000e+02   1.0000000e+01   5.0000000e+01   1.4800000e+02
   1.0000000e+02   1.0000000e+01   6.0000000e+01   1.3690000e+03
   1.0000000e+02   1.0000000e+01   7.0000000e+01   8.0500000e+02
   1.0000000e+02   1.0000000e+01   8.0000000e+01   1.9660000e+03
   1.0000000e+02   1.0000000e+01   9.0000000e+01   8.0500000e+02
   1.0000000e+02   1.0000000e+01   1.0000000e+02   1.2420000e+03
   1.0000000e+02   2.0000000e+01   1.0000000e+01   3.0900000e+02
   1.0000000e+02   2.0000000e+01   2.0000000e+01   7.6300000e+02
   1.0000000e+02   2.0000000e+01   3.0000000e+01   3.2300000e+02
   1.0000000e+02   2.0000000e+01   4.0000000e+01   1.5170000e+03
   1.0000000e+02   2.0000000e+01   5.0000000e+01   1.7430000e+03
   1.0000000e+02   2.0000000e+01   6.0000000e+01   7.0200000e+02
   1.0000000e+02   2.0000000e+01   7.0000000e+01   1.3720000e+03
   1.0000000e+02   2.0000000e+01   8.0000000e+01   5.8900000e+02
   1.0000000e+02   2.0000000e+01   9.0000000e+01   1.0620000e+03
   1.0000000e+02   2.0000000e+01   1.0000000e+02   1.6650000e+03
   1.0000000e+02   3.0000000e+01   1.0000000e+01   1.1950000e+03
   1.0000000e+02   3.0000000e+01   2.0000000e+01   6.7100000e+02
   1.0000000e+02   3.0000000e+01   3.0000000e+01   5.9900000e+02
   1.0000000e+02   3.0000000e+01   4.0000000e+01   9.0600000e+02
   1.0000000e+02   3.0000000e+01   5.0000000e+01   8.4600000e+02
   1.0000000e+02   3.0000000e+01   6.0000000e+01   7.2000000e+02
   1.0000000e+02   3.0000000e+01   7.0000000e+01   1.1170000e+03
   1.0000000e+02   3.0000000e+01   8.0000000e+01   1.4860000e+03
   1.0000000e+02   3.0000000e+01   9.0000000e+01   8.4900000e+02
   1.0000000e+02   3.0000000e+01   1.0000000e+02   8.5900000e+02
   1.0000000e+02   4.0000000e+01   1.0000000e+01   2.5000000e+02
   1.0000000e+02   4.0000000e+01   2.0000000e+01   4.9000000e+01
   1.0000000e+02   4.0000000e+01   3.0000000e+01   5.8100000e+02
   1.0000000e+02   4.0000000e+01   4.0000000e+01   6.3600000e+02
   1.0000000e+02   4.0000000e+01   5.0000000e+01   1.3080000e+03
   1.0000000e+02   4.0000000e+01   6.0000000e+01   1.9140000e+03
   1.0000000e+02   4.0000000e+01   7.0000000e+01   1.8720000e+03
   1.0000000e+02   4.0000000e+01   8.0000000e+01   9.1600000e+02
   1.0000000e+02   4.0000000e+01   9.0000000e+01   4.8100000e+02
   1.0000000e+02   4.0000000e+01   1.0000000e+02   1.5280000e+03
   1.0000000e+02   5.0000000e+01   1.0000000e+01   1.5190000e+03
   1.0000000e+02   5.0000000e+01   2.0000000e+01   1.4820000e+03
   1.0000000e+02   5.0000000e+01   3.0000000e+01   1.4880000e+03
   1.0000000e+02   5.0000000e+01   4.0000000e+01   2.1200000e+02
   1.0000000e+02   5.0000000e+01   5.0000000e+01   1.3640000e+03
   1.0000000e+02   5.0000000e+01   6.0000000e+01   9.2700000e+02
   1.0000000e+02   5.0000000e+01   7.0000000e+01   4.2500000e+02
   1.0000000e+02   5.0000000e+01   8.0000000e+01   1.9800000e+02
   1.0000000e+02   5.0000000e+01   9.0000000e+01   1.6480000e+03
   1.0000000e+02   5.0000000e+01   1.0000000e+02   3.5100000e+02
   1.0000000e+02   6.0000000e+01   1.0000000e+01   3.2800000e+02
   1.0000000e+02   6.0000000e+01   2.0000000e+01   1.3320000e+03
   1.0000000e+02   6.0000000e+01   3.0000000e+01   1.7890000e+03
   1.0000000e+02   6.0000000e+01   4.0000000e+01   1.0340000e+03
   1.0000000e+02   6.0000000e+01   5.0000000e+01   1.4060000e+03
   1.0000000e+02   6.0000000e+01   6.0000000e+01   3.0800000e+02
   1.0000000e+02   6.0000000e+01   7.0000000e+01   1.9070000e+03
   1.0000000e+02   6.0000000e+01   8.0000000e+01   1.0820000e+03
   1.0000000e+02   6.0000000e+01   9.0000000e+01   1.3600000e+03
   1.0000000e+02   6.0000000e+01   1.0000000e+02   7.4000000e+01
   1.0000000e+02   7.0000000e+01   1.0000000e+01   1.6190000e+03
   1.0000000e+02   7.0000000e+01   2.0000000e+01   1.4980000e+03
   1.0000000e+02   7.0000000e+01   3.0000000e+01   2.4100000e+02
   1.0000000e+02   7.0000000e+01   4.0000000e+01   1.0510000e+03
   1.0000000e+02   7.0000000e+01   5.0000000e+01   6.5200000e+02
   1.0000000e+02   7.0000000e+01   6.0000000e+01   1.0930000e+03
   1.0000000e+02   7.0000000e+01   7.0000000e+01   7.9800000e+02
   1.0000000e+02   7.0000000e+01   8.0000000e+01   8.3100000e+02
   1.0000000e+02   7.0000000e+01   9.0000000e+01   3.6200000e+02
   1.0000000e+02   7.0000000e+01   1.0000000e+02   5.1100000e+02
   1.0000000e+02   8.0000000e+01   1.0000000e+01   4.2000000e+01
   1.0000000e+02   8.0000000e+01   2.0000000e+01   1.8480000e+03
   1.0000000e+02   8.0000000e+01   3.0000000e+01   1.3080000e+03
   1.0000000e+02   8.0000000e+01   4.0000000e+01   1.8660000e+03
   1.0000000e+02   8.0000000e+01   5.0000000e+01   3.2800000e+02
   1.0000000e+02   8.0000000e+01   6.0000000e+01   1.8430000e+03
   1.0000000e+02   8.0000000e+01   7.0000000e+01   1.5900000e+03
   1.0000000e+02   8.0000000e+01   8.0000000e+01   1.1550000e+03
   1.0000000e+02   8.0000000e+01   9.0000000e+01   8.8100000e+02
   1.0000000e+02   8.0000000e+01   1.0000000e+02   5.1600000e+02
   1.0000000e+02   9.0000000e+01   1.0000000e+01   1.5040000e+03
   1.0000000e+02   9.0000000e+01   2.0000000e+01   4.5800000e+02
   1.0000000e+02   9.0000000e+01   3.0000000e+01   1.2900000e+02
   1.0000000e+02   9.0000000e+01   4.0000000e+01   1.5350000e+03
   1.0000000e+02   9.0000000e+01   5.0000000e+01   1.3430000e+03
   1.0000000e+02   9.0000000e+01   6.0000000e+01   1.4310000e+03
   1.0000000e+02   9.0000000e+01   7.0000000e+01   1.2850000e+03
   1.0000000e+02   9.0000000e+01   8.0000000e+01   8.3900000e+02
   1.0000000e+02   9.0000000e+01   9.0000000e+01   7.8200000e+02
   1.0000000e+02   9.0000000e+01   1.0000000e+02   1.6330000e+03
   1.0000000e+02   1.0000000e+02   1.0000000e+01   6.3500000e+02
   1.0000000e+02   1.0000000e+02   2.0000000e+01   1.6300000e+03
   1.0000000e+02   1.0000000e+02   3.0000000e+01   1.5790000e+03
   1.0000000e+02   1.0000000e+02   4.0000000e+01   1.7050000e+03
   1.0000000e+02   1.0000000e+02   5.0000000e+01   1.0120000e+03
   1.0000000e+02   1.0000000e+02   6.0000000e+01   1.2720000e+03
   1.0000000e+02   1.0000000e+02   7.0000000e+01   1.9020000e+03
   1.0000000e+02   1.0000000e+02   8.0000000e+01   8.8800000e+02
   1.0000000e+02   1.0000000e+02   9.0000000e+01   1.2100000e+02
   1.0000000e+02   1.0000000e+02   1.0000000e+02   1.7340000e+03