2  1  0.498636135293955  6  1  
2  1  0.243016753949452  6  1  
1  1  0.251219564134451  6  1  
1  2  0.247349500266037  6  2  
2  1  0.377238936089932  6  2  
2  1  0.102204953752199  6  2  
1  1  0.100015838145074  6  2  
1  2  0.406296572299284  6  3  
2  1  0.297040770387557  6  3  
2  1  0.0599836994100423  6  3  
1  1  0.0586989157696136  6  3  
1  2  0.290374808935941  6  4  
1  2  0.0902935954477393  6  4  
2  2  0.137650535996165  6  4  
2  1  0.498105372560966  7  1  
2  1  0.262050658889487  7  1  
1  1  0.270895941277595  7  1  
1  2  0.291866613991613  7  2  
2  1  0.354717887092465  7  2  
2  1  0.120599450383929  7  2  
1  1  0.118016345266674  7  2  
2  1  0.499358025879018  7  3  
2  1  0.114347775188804  7  3  
1  1  0.118207480660575  7  3  
1  2  0.26395438174639  7  4  
2  1  0.227553654295012  7  4  
2  1  0.0650351230617332  7  4  
1  1  0.063642143585896  7  4  
1  2  0.401000072415569  7  5  
1  2  0.194802037087639  7  5  
2  1  0.142418497015905  7  5  
2  1  0.028759649068665  7  5  
1  1  0.0281436496056225  7  5  
2  2  0.764184183769983  7  6  
2  2  0.068065432283457  7  6  
